[gd_scene load_steps=4 format=3 uid="uid://d22hwcrc4ryxn"]

[ext_resource type="PackedScene" uid="uid://d35nd14euhmox" path="res://ewbik_samples/art/ewbik_simple_test_rig.glb" id="1_ij2rj"]

[sub_resource type="SkeletonModification3DEWBIK" id="SkeletonModification3DEWBIK_yh8j1"]
max_ik_iterations = 10.0
budget_millisecond = 8.0
default_damp = 1.74533
constraint_count = 3
constraints/0/name = &"Bone_02"
constraints/0/kusudama_flip_handedness = false
constraints/0/kusudama_twist_from = 0.0
constraints/0/kusudama_twist_to = 0.0
constraints/0/kusudama_limit_cone_count = 1
constraints/0/kusudama_limit_cone/0/center = Vector3(0, 1, 0)
constraints/0/kusudama_limit_cone/0/radius = 0.5
constraints/1/name = &"Bone_03"
constraints/1/kusudama_flip_handedness = false
constraints/1/kusudama_twist_from = 0.0
constraints/1/kusudama_twist_to = 0.0
constraints/1/kusudama_limit_cone_count = 1
constraints/1/kusudama_limit_cone/0/center = Vector3(0, 1, 0)
constraints/1/kusudama_limit_cone/0/radius = 1.0
constraints/2/name = &"Bone_01"
constraints/2/kusudama_flip_handedness = false
constraints/2/kusudama_twist_from = 0.0
constraints/2/kusudama_twist_to = 0.0
constraints/2/kusudama_limit_cone_count = 1
constraints/2/kusudama_limit_cone/0/center = Vector3(0, 1, 0)
constraints/2/kusudama_limit_cone/0/radius = 1.0
pin_count = 2
pins/0/name = "Bone_04"
pins/0/target_node = NodePath("../../../04")
pins/0/use_node_rotation = true
pins/0/depth_falloff = 1.0
pins/0/priority = null
pins/0/weight_translation = null
pins/0/weight_x_direction = null
pins/0/weight_y_direction = null
pins/0/weight_z_direction = null
pins/1/name = "Bone_01"
pins/1/target_node = NodePath("../../../Node3D")
pins/1/use_node_rotation = true
pins/1/depth_falloff = 0.0
pins/1/priority = null
pins/1/weight_translation = null
pins/1/weight_x_direction = null
pins/1/weight_y_direction = null
pins/1/weight_z_direction = null

[sub_resource type="SkeletonModificationStack3D" id="SkeletonModificationStack3D_hqig5"]
enabled = true
modification_count = 1
modifications/0 = SubResource("SkeletonModification3DEWBIK_yh8j1")

[node name="Node3D" type="Node3D"]

[node name="ewbik_simple_test_rig" parent="." instance=ExtResource("1_ij2rj")]

[node name="Skeleton3D" parent="ewbik_simple_test_rig/Simple_Test_Rig_Armature" index="0"]
bones/0/rotation = Quaternion(0, -8.74228e-08, 0, 1)
bones/1/position = Vector3(-4.23516e-22, 0.6, 7.10543e-15)
bones/1/rotation = Quaternion(0.0914336, 0.00188714, -0.0181693, 0.995644)
bones/1/scale = Vector3(1, 1, 1)
bones/2/position = Vector3(-6.30394e-05, 0.60308, -6.78468e-07)
bones/2/rotation = Quaternion(-0.131033, 8.52757e-07, 0.0696993, 0.988925)
bones/2/scale = Vector3(1, 1, 1)
bones/3/position = Vector3(0.0970801, 0.594625, -0.0755942)
bones/3/rotation = Quaternion(0.0725241, -6.42188e-05, 0.0340011, 0.996787)
bones/4/position = Vector3(-1.37091e-06, 0.600034, -2.74181e-06)
bones/4/rotation = Quaternion(0.624945, 0.0123188, -0.211551, 0.751357)
bones/4/scale = Vector3(1, 1, 1)
modification_stack = SubResource("SkeletonModificationStack3D_hqig5")

[node name="04" type="BoneAttachment3D" parent="ewbik_simple_test_rig/Simple_Test_Rig_Armature/Skeleton3D" index="1"]
transform = Transform3D(0.98533, -0.170278, 0.0113869, 0.170658, 0.983232, -0.0642649, -0.000253092, 0.0652653, 0.997868, 0.0579355, 1.78618, -0.013071)
bone_name = "Bone_04"
bone_idx = 3

[node name="05" type="BoneAttachment3D" parent="ewbik_simple_test_rig/Simple_Test_Rig_Armature/Skeleton3D" index="2"]
transform = Transform3D(0.945124, 0.317013, -0.07901, -0.123918, 0.124072, -0.984505, -0.302298, 0.94027, 0.156548, -0.0442386, 2.37615, 0.0260877)
bone_name = "Bone_05"
bone_idx = 4

[node name="04" type="BoneAttachment3D" parent="."]
transform = Transform3D(1, -5.73771e-17, 1.51495e-08, 3.30424e-09, 0.975924, -0.218109, -1.47847e-08, 0.218109, 0.975924, 1.64303e-10, 1.76794, 0.0538065)
bone_name = "Bone_04"
bone_idx = 3

[node name="Node3D" type="Node3D" parent="."]

[editable path="ewbik_simple_test_rig"]
