[gd_scene load_steps=4 format=3 uid="uid://d22hwcrc4ryxn"]

[ext_resource type="PackedScene" uid="uid://d35nd14euhmox" path="res://ewbik_samples/art/ewbik_simple_test_rig.glb" id="1_ij2rj"]

[sub_resource type="SkeletonModification3DEWBIK" id="SkeletonModification3DEWBIK_yh8j1"]
root_bone = "Bone_01"
default_damp = 0.0872665
pin_count = 2
pins/0/name = "Bone_05"
pins/0/target_node = NodePath("../../../05")
pins/0/use_node_rotation = true
pins/0/depth_falloff = 1.0
pins/0/priority = null
pins/0/weight_translation = null
pins/0/weight_x_direction = null
pins/0/weight_y_direction = null
pins/0/weight_z_direction = null
pins/1/name = "Bone_01"
pins/1/target_node = NodePath("../../../Node3D")
pins/1/use_node_rotation = true
pins/1/depth_falloff = 0.0
pins/1/priority = null
pins/1/weight_translation = null
pins/1/weight_x_direction = null
pins/1/weight_y_direction = null
pins/1/weight_z_direction = null
constraint_count = 5
constraints/0/name = &"Bone_02"
constraints/0/kusudama_twist = Vector2(0, 5)
constraints/0/kusudama_limit_cone_count = 1
constraints/0/kusudama_limit_cone/0/center = Vector3(0, 1, 0)
constraints/0/kusudama_limit_cone/0/radius = 1.0
constraints/1/name = &"Bone_03"
constraints/1/kusudama_twist = Vector2(0, 5)
constraints/1/kusudama_limit_cone_count = 1
constraints/1/kusudama_limit_cone/0/center = Vector3(0, 1, 0)
constraints/1/kusudama_limit_cone/0/radius = 1.0
constraints/2/name = &"Bone_04"
constraints/2/kusudama_twist = Vector2(0, 5)
constraints/2/kusudama_limit_cone_count = 1
constraints/2/kusudama_limit_cone/0/center = Vector3(0, 1, 0)
constraints/2/kusudama_limit_cone/0/radius = 1.0
constraints/3/name = &"Bone_05"
constraints/3/kusudama_twist = Vector2(0, 5)
constraints/3/kusudama_limit_cone_count = 1
constraints/3/kusudama_limit_cone/0/center = Vector3(0, 1, 0)
constraints/3/kusudama_limit_cone/0/radius = 1.0
constraints/4/name = &"Bone_01"
constraints/4/kusudama_twist = Vector2(0, 6)
constraints/4/kusudama_limit_cone_count = 1
constraints/4/kusudama_limit_cone/0/center = Vector3(0, 1, 0)
constraints/4/kusudama_limit_cone/0/radius = 1.0

[sub_resource type="SkeletonModificationStack3D" id="SkeletonModificationStack3D_hqig5"]
enabled = true
modification_count = 1
modifications/0 = SubResource( "SkeletonModification3DEWBIK_yh8j1" )

[node name="Node3D" type="Node3D"]

[node name="ewbik_simple_test_rig" parent="." instance=ExtResource( "1_ij2rj" )]

[node name="Skeleton3D" parent="ewbik_simple_test_rig/Simple_Test_Rig_Armature" index="0"]
bones/0/position = Vector3(0, 0, 2.79397e-09)
bones/0/rotation = Quaternion(1.4013e-45, -1.4013e-45, 0, 1)
bones/1/position = Vector3(-1.36135e-16, 0.600001, 2.13692e-06)
bones/1/rotation = Quaternion(0.303365, 0.899724, 0.0878873, -0.301234)
bones/1/scale = Vector3(1, 1, 1)
bones/2/position = Vector3(0.000326425, 0.603469, -0.000301346)
bones/2/rotation = Quaternion(0.000293174, 0.885809, -4.93465e-05, -0.464049)
bones/2/scale = Vector3(1, 1, 1)
bones/3/position = Vector3(-9.24282e-05, 0.602293, 1.37985e-05)
bones/3/rotation = Quaternion(-0.0761241, 0.684513, -0.079398, 0.720655)
bones/3/scale = Vector3(1, 1, 1)
bones/4/position = Vector3(2.07946e-05, 0.601899, -3.42149e-05)
bones/4/rotation = Quaternion(0.629157, 0.777139, -0.014019, 0.00451812)
bones/4/scale = Vector3(1, 1, 1)
modification_stack = SubResource( "SkeletonModificationStack3D_hqig5" )

[node name="Simple_Test_Rig" parent="ewbik_simple_test_rig/Simple_Test_Rig_Armature/Skeleton3D" index="0"]
visible = false

[node name="04" type="BoneAttachment3D" parent="ewbik_simple_test_rig/Simple_Test_Rig_Armature/Skeleton3D" index="1"]
transform = Transform3D(-0.912492, 0.409093, 0.00144639, 0.408872, 0.912104, -0.0298317, -0.0135234, -0.0266299, -0.999554, 0.721938, 1.56532, -0.028811)
bone_name = "Bone_04"
bone_idx = 3

[node name="05" type="BoneAttachment3D" parent="ewbik_simple_test_rig/Simple_Test_Rig_Armature/Skeleton3D" index="2"]
transform = Transform3D(0.590015, -0.807387, -0.00299674, 0.807391, 0.590017, 0.000417717, 0.00143085, -0.00266617, 0.999995, 0.968152, 2.11432, -0.0448055)
bone_name = "Bone_05"
bone_idx = 4

[node name="05" type="BoneAttachment3D" parent="."]
transform = Transform3D(0.5, -0.866025, 1.17373e-07, 0.866025, 0.5, -5.02721e-08, -1.51495e-08, 1.26784e-07, 1, 1.24706, 2.48725, -0.0559368)
bone_name = "Bone_05"
bone_idx = 4

[node name="Node3D" type="Node3D" parent="."]

[editable path="ewbik_simple_test_rig"]
