[gd_scene load_steps=5 format=3 uid="uid://c1ytwckso3688"]

[ext_resource type="PackedScene" uid="uid://deuapcn1ywqqi" path="res://ewbik_samples/art/ewbik_3_bone_chain.glb" id="1_7dei6"]

[sub_resource type="SkeletonModification3DEWBIK" id="SkeletonModification3DEWBIK_3xd3x"]
root_bone = "A0"
default_damp = 0.0167552
pin_count = 3
pins/0/name = "A3"
pins/0/target_node = NodePath("../../../A3")
pins/0/use_node_rotation = true
pins/0/depth_falloff = 1.0
pins/0/remove = false
pins/1/name = "B3"
pins/1/target_node = NodePath("../../../B3")
pins/1/use_node_rotation = true
pins/1/depth_falloff = 1.0
pins/1/remove = false
pins/2/name = "C3"
pins/2/target_node = NodePath("../../../C3")
pins/2/use_node_rotation = true
pins/2/depth_falloff = 1.0
pins/2/remove = false

[sub_resource type="SkeletonModificationStack3D" id="SkeletonModificationStack3D_nguf7"]
enabled = true
modification_count = 1
modifications/0 = SubResource( "SkeletonModification3DEWBIK_3xd3x" )

[sub_resource type="SphereMesh" id="SphereMesh_24tom"]
radius = 0.025
height = 0.05

[node name="Node3D" type="Node3D"]

[node name="ewbik_3_bone_chain" parent="." instance=ExtResource( "1_7dei6" )]

[node name="Skeleton3D" parent="ewbik_3_bone_chain/Armature" index="0"]
bones/0/rotation = Quaternion(0.0066709, 0.0328799, -0.143451, 0.989089)
bones/0/scale = Vector3(1, 0.999997, 0.999998)
bones/1/position = Vector3(-5.08968e-07, 0.0926535, -5.66943e-08)
bones/1/rotation = Quaternion(0.000482182, -0.0492374, -0.0414719, 0.997926)
bones/1/scale = Vector3(1.00007, 1.00005, 1.00008)
bones/2/position = Vector3(-6.51926e-08, 0.10737, 1.04774e-09)
bones/2/rotation = Quaternion(0.00187076, 0.0154321, 0.0194067, 0.999691)
bones/2/scale = Vector3(0.999989, 0.999991, 0.999978)
bones/3/position = Vector3(-4.20492e-07, 0.0999996, -1.28057e-09)
bones/3/rotation = Quaternion(-0.00454995, -0.00246937, 0.152124, 0.988348)
bones/3/scale = Vector3(0.999982, 0.999976, 0.999984)
bones/4/position = Vector3(-5.21541e-08, 0.0999984, 4.65661e-10)
bones/4/rotation = Quaternion(0.00901854, -0.0892772, 0.128085, 0.987696)
bones/4/scale = Vector3(0.999976, 0.999973, 1)
bones/5/position = Vector3(-8.9407e-08, 0.0982247, -2.6077e-08)
bones/5/rotation = Quaternion(0.00520098, 0.095718, 0.0155778, 0.995273)
bones/5/scale = Vector3(0.999998, 0.99999, 0.999993)
bones/6/position = Vector3(-3.42727e-07, 0.0999973, 1.19908e-08)
bones/6/rotation = Quaternion(-0.00109884, -0.00107517, -0.0139233, 0.999902)
bones/6/scale = Vector3(0.999997, 0.999994, 0.999982)
bones/7/position = Vector3(-1.16229e-06, 0.0999997, 1.31549e-08)
bones/7/rotation = Quaternion(-0.00290951, -0.00453354, -0.11718, 0.993096)
bones/7/scale = Vector3(1.00002, 1.00003, 1.00002)
bones/8/position = Vector3(1.56462e-07, 0.0999976, 2.79397e-09)
bones/8/rotation = Quaternion(-0.00527467, 0.00699899, 0.651958, 0.758204)
bones/8/scale = Vector3(0.999975, 0.999972, 0.999984)
bones/9/position = Vector3(-6.25849e-07, 0.1, 2.04891e-08)
bones/9/rotation = Quaternion(-2.62334e-05, 0.000164602, 0.0204365, 0.999791)
bones/9/scale = Vector3(0.999999, 1, 0.999982)
bones/10/position = Vector3(7.7486e-07, 0.100001, 8.75443e-08)
bones/10/rotation = Quaternion(0.004359, -0.00597346, -0.011115, 0.999911)
bones/10/scale = Vector3(1.00001, 1.00001, 0.999994)
bones/11/position = Vector3(8.64267e-07, 0.100003, 4.28408e-08)
bones/11/rotation = Quaternion(0.00442385, -0.012911, 0.0793716, 0.996752)
bones/11/scale = Vector3(1.00002, 1.00002, 1.00001)
modification_stack = SubResource( "SkeletonModificationStack3D_nguf7" )

[node name="A3" type="BoneAttachment3D" parent="ewbik_3_bone_chain/Armature/Skeleton3D" index="1"]
transform = Transform3D(0.99966, 0.0268732, -0.00589563, -0.0268657, 0.999645, 0.00401756, 0.0060003, -0.0038574, 1.00002, 0.0952421, 0.290827, 3.82306e-05)
bone_name = "A3"
bone_idx = 3

[node name="MeshInstance3D" type="MeshInstance3D" parent="ewbik_3_bone_chain/Armature/Skeleton3D/A3"]
mesh = SubResource( "SphereMesh_24tom" )

[node name="B3" type="BoneAttachment3D" parent="ewbik_3_bone_chain/Armature/Skeleton3D" index="2"]
transform = Transform3D(1.00001, 0.00022606, -0.00576684, -0.000173017, 0.999939, 0.0108781, 0.00575818, -0.0108788, 0.999966, 0.0262776, 0.680233, -0.00213864)
bone_name = "B3"
bone_idx = 7

[node name="MeshInstance3D" type="MeshInstance3D" parent="ewbik_3_bone_chain/Armature/Skeleton3D/B3"]
mesh = SubResource( "SphereMesh_24tom" )

[node name="C3" type="BoneAttachment3D" parent="ewbik_3_bone_chain/Armature/Skeleton3D" index="3"]
transform = Transform3D(2.14805e-05, -0.999968, 0.0119391, 0.999851, -0.000179305, -0.0181716, 0.0181725, 0.0119386, 0.999774, -0.198323, 0.437836, -0.000965171)
bone_name = "C3"
bone_idx = 11

[node name="MeshInstance3D" type="MeshInstance3D" parent="ewbik_3_bone_chain/Armature/Skeleton3D/C3"]
mesh = SubResource( "SphereMesh_24tom" )

[node name="A3" type="BoneAttachment3D" parent="."]
transform = Transform3D(0.999127, 0.0417939, 8.6755e-07, -0.0417939, 0.999126, -5.79742e-07, -8.4892e-07, 5.24019e-07, 1, 0.197012, 0.307105, 1.69641e-07)
bone_name = "A3"
bone_idx = 3

[node name="MeshInstance3D" type="MeshInstance3D" parent="A3"]
mesh = SubResource( "SphereMesh_24tom" )

[node name="B3" type="BoneAttachment3D" parent="."]
transform = Transform3D(1, -1.11759e-07, 7.59867e-07, 4.65664e-08, 1, -5.02055e-07, -7.76935e-07, 4.86305e-07, 1, 0.0201283, 0.705138, 3.67017e-07)
bone_name = "B3"
bone_idx = 7

[node name="MeshInstance3D" type="MeshInstance3D" parent="B3"]
mesh = SubResource( "SphereMesh_24tom" )

[node name="C3" type="BoneAttachment3D" parent="."]
transform = Transform3D(-3.8743e-07, -1, -4.57672e-08, 1, -3.57628e-07, 9.44263e-08, -1.15127e-07, -8.70385e-08, 1, -0.275652, 0.450187, 2.18293e-07)
bone_name = "C3"
bone_idx = 11

[node name="MeshInstance3D" type="MeshInstance3D" parent="C3"]
mesh = SubResource( "SphereMesh_24tom" )

[editable path="ewbik_3_bone_chain"]
