[gd_scene load_steps=5 format=3 uid="uid://c1ytwckso3688"]

[ext_resource type="PackedScene" uid="uid://deuapcn1ywqqi" path="res://ewbik_samples/art/ewbik_3_bone_chain.glb" id="1_7dei6"]

[sub_resource type="SkeletonModification3DEWBIK" id="SkeletonModification3DEWBIK_3xd3x"]
root_bone = "A0"
default_damp = 0.0167552
pin_count = 3
pins/0/name = "A3"
pins/0/target_node = NodePath("../../../A3")
pins/0/use_node_rotation = true
pins/0/depth_falloff = 1.0
pins/0/remove = false
pins/1/name = "B3"
pins/1/target_node = NodePath("../../../B3")
pins/1/use_node_rotation = true
pins/1/depth_falloff = 1.0
pins/1/remove = false
pins/2/name = "C3"
pins/2/target_node = NodePath("../../../C3")
pins/2/use_node_rotation = true
pins/2/depth_falloff = 1.0
pins/2/remove = false

[sub_resource type="SkeletonModificationStack3D" id="SkeletonModificationStack3D_nguf7"]
enabled = true
modification_count = 1
modifications/0 = SubResource( "SkeletonModification3DEWBIK_3xd3x" )

[sub_resource type="SphereMesh" id="SphereMesh_24tom"]
radius = 0.025
height = 0.05

[node name="Node3D" type="Node3D"]

[node name="ewbik_3_bone_chain" parent="." instance=ExtResource( "1_7dei6" )]

[node name="Skeleton3D" parent="ewbik_3_bone_chain/Armature" index="0"]
bones/0/rotation = Quaternion(0.00883992, 0.02987, -0.0063969, 0.999494)
bones/0/scale = Vector3(0.999999, 0.999998, 1)
bones/1/position = Vector3(-2.32831e-09, 0.0926549, -2.98023e-08)
bones/1/rotation = Quaternion(-0.00923428, -0.0467975, -0.0102261, 0.998809)
bones/1/scale = Vector3(1.00007, 1.00007, 1.00006)
bones/2/position = Vector3(-7.21775e-08, 0.107367, -2.91038e-10)
bones/2/rotation = Quaternion(-0.00196692, 0.0169325, 0.0329775, 0.999311)
bones/2/scale = Vector3(0.999995, 0.999988, 0.999959)
bones/3/position = Vector3(-4.47035e-08, 0.100001, 3.49246e-09)
bones/3/rotation = Quaternion(0.00138395, -0.00400473, -0.0343886, 0.9994)
bones/3/scale = Vector3(1, 0.999994, 1.00001)
bones/4/position = Vector3(-4.28408e-08, 0.099997, -5.58794e-09)
bones/4/rotation = Quaternion(0.00324637, -0.129918, -0.0133766, 0.991429)
bones/4/scale = Vector3(0.999989, 0.999985, 1.00001)
bones/5/position = Vector3(3.55765e-07, 0.098224, 3.65544e-08)
bones/5/rotation = Quaternion(-0.0720376, 0.0676451, -0.538929, 0.836534)
bones/5/scale = Vector3(0.999993, 0.999991, 0.999989)
bones/6/position = Vector3(-7.15256e-07, 0.099997, 1.11759e-08)
bones/6/rotation = Quaternion(-0.0544968, -0.0055489, -0.0686344, 0.996137)
bones/6/scale = Vector3(0.999988, 0.999991, 0.999984)
bones/7/position = Vector3(-2.6226e-06, 0.0999987, 1.11759e-08)
bones/7/rotation = Quaternion(0.0410816, 0.00987268, 0.625971, 0.778701)
bones/7/scale = Vector3(0.999988, 1, 0.999989)
bones/8/position = Vector3(1.75089e-07, 0.0999964, -1.62981e-09)
bones/8/rotation = Quaternion(0.0214811, -0.019402, 0.636859, 0.770436)
bones/8/scale = Vector3(0.999992, 0.999981, 0.999996)
bones/9/position = Vector3(-6.55651e-07, 0.0999994, 1.86265e-09)
bones/9/rotation = Quaternion(0.00641543, -0.00774868, 0.0867141, 0.996182)
bones/9/scale = Vector3(0.999998, 0.999994, 0.999982)
bones/10/position = Vector3(1.49012e-07, 0.0999995, 8.3819e-08)
bones/10/rotation = Quaternion(0.00186647, 0.00551487, -0.0318749, 0.999475)
bones/10/scale = Vector3(0.999987, 0.999989, 0.999978)
bones/11/position = Vector3(-1.87755e-06, 0.0999983, -7.45058e-09)
bones/11/rotation = Quaternion(0.00501621, 0.0235031, 0.0572119, 0.998073)
bones/11/scale = Vector3(0.999983, 0.999986, 0.999995)
modification_stack = SubResource( "SkeletonModificationStack3D_nguf7" )

[node name="A3" type="BoneAttachment3D" parent="ewbik_3_bone_chain/Armature/Skeleton3D" index="1"]
transform = Transform3D(0.999369, 0.0364085, -0.00768912, -0.0363801, 0.99938, 0.00373591, 0.00782024, -0.00345392, 0.999987, -0.00105828, 0.3073, -0.000496723)
bone_name = "A3"
bone_idx = 3
metadata/_edit_group_ = true
metadata/_edit_lock_ = true

[node name="MeshInstance3D" type="MeshInstance3D" parent="ewbik_3_bone_chain/Armature/Skeleton3D/A3"]
mesh = SubResource( "SphereMesh_24tom" )

[node name="B3" type="BoneAttachment3D" parent="ewbik_3_bone_chain/Armature/Skeleton3D" index="2"]
transform = Transform3D(0.999989, 9.69449e-05, -0.00799769, -1.13174e-05, 0.999959, 0.0107691, 0.00798899, -0.01077, 0.999901, 0.199768, 0.561623, 0.000471876)
bone_name = "B3"
bone_idx = 7
metadata/_edit_group_ = true
metadata/_edit_lock_ = true

[node name="MeshInstance3D" type="MeshInstance3D" parent="ewbik_3_bone_chain/Armature/Skeleton3D/B3"]
mesh = SubResource( "SphereMesh_24tom" )

[node name="C3" type="BoneAttachment3D" parent="ewbik_3_bone_chain/Armature/Skeleton3D" index="3"]
transform = Transform3D(0.000139463, -0.99989, 0.0156218, 0.99991, -8.51389e-05, -0.0140588, 0.0140601, 0.0156209, 0.999754, -0.294101, 0.44616, 0.000335117)
bone_name = "C3"
bone_idx = 11
metadata/_edit_group_ = true
metadata/_edit_lock_ = true

[node name="MeshInstance3D" type="MeshInstance3D" parent="ewbik_3_bone_chain/Armature/Skeleton3D/C3"]
transform = Transform3D(1, 0, 0, 0, 0.999988, 0, 0, 0, 1.00001, 0, 0, 0)
mesh = SubResource( "SphereMesh_24tom" )

[node name="A3" type="BoneAttachment3D" parent="."]
transform = Transform3D(0.999127, 0.0417939, 8.6755e-07, -0.0417939, 0.999126, -5.79742e-07, -8.4892e-07, 5.24019e-07, 1, 0.0302318, 0.307105, 1.69641e-07)
bone_name = "A3"
bone_idx = 3

[node name="MeshInstance3D" type="MeshInstance3D" parent="A3"]
transform = Transform3D(1, -7.45105e-09, 0, 7.45012e-09, 1, -1.13687e-13, 1.13687e-13, 0, 1, -0.0218449, -0.000913769, -1.80657e-08)
mesh = SubResource( "SphereMesh_24tom" )
metadata/_edit_group_ = true
metadata/_edit_lock_ = true

[node name="B3" type="BoneAttachment3D" parent="."]
transform = Transform3D(1, -1.11759e-07, 7.59867e-07, 4.65664e-08, 1, -5.02055e-07, -7.76935e-07, 4.86305e-07, 1, 0.199468, 0.561364, 3.67017e-07)
bone_name = "B3"
bone_idx = 7

[node name="MeshInstance3D" type="MeshInstance3D" parent="B3"]
mesh = SubResource( "SphereMesh_24tom" )
metadata/_edit_group_ = true
metadata/_edit_lock_ = true

[node name="C3" type="BoneAttachment3D" parent="."]
transform = Transform3D(-4.76837e-07, -1, -8.70385e-08, 1, -4.76837e-07, 1.15127e-07, -1.15127e-07, -8.70385e-08, 1, -0.324837, 0.450187, 2.18293e-07)
bone_name = "C3"
bone_idx = 11

[node name="MeshInstance3D" type="MeshInstance3D" parent="C3"]
transform = Transform3D(-0.942034, -0.335517, -2.52783e-07, 0.335517, -0.942034, -1.30405e-07, -1.94378e-07, -2.07659e-07, 1, 0, 0, 0)
mesh = SubResource( "SphereMesh_24tom" )
metadata/_edit_group_ = true
metadata/_edit_lock_ = true

[editable path="ewbik_3_bone_chain"]
