[gd_scene load_steps=7 format=3 uid="uid://qq5cf34hndch"]

[ext_resource type="PackedScene" uid="uid://daav1dqydvgob" path="res://ewbik_samples/art/Fox.glb" id="1_cy4mh"]

[sub_resource type="SkeletonModification3DEWBIK" id="SkeletonModification3DEWBIK_l8a6t"]
root_bone = "b_Root_00"
pin_count = 7
pins/0/name = "b_Hip_01"
pins/0/target_node = NodePath("Hips2")
pins/0/use_node_rotation = true
pins/0/depth_falloff = 1.0
pins/0/remove = false
pins/1/name = "b_LeftHand_011"
pins/1/target_node = NodePath("LeftHand")
pins/1/use_node_rotation = true
pins/1/depth_falloff = 1.0
pins/1/remove = false
pins/2/name = "b_RightHand_08"
pins/2/target_node = NodePath("RightHand")
pins/2/use_node_rotation = true
pins/2/depth_falloff = 1.0
pins/2/remove = false
pins/3/name = "b_LeftFoot02_018"
pins/3/target_node = NodePath("LeftFoot")
pins/3/use_node_rotation = true
pins/3/depth_falloff = 1.0
pins/3/remove = false
pins/4/name = "b_RightFoot02_022"
pins/4/target_node = NodePath("RightFoot")
pins/4/use_node_rotation = true
pins/4/depth_falloff = 1.0
pins/4/remove = false
pins/5/name = "b_LeftFoot02_018"
pins/5/target_node = NodePath("LeftFoot")
pins/5/use_node_rotation = true
pins/5/depth_falloff = 1.0
pins/5/remove = false
pins/6/name = "b_Head_05"
pins/6/target_node = NodePath("Head")
pins/6/use_node_rotation = true
pins/6/depth_falloff = 1.0
pins/6/remove = false

[sub_resource type="SkeletonModificationStack3D" id="SkeletonModificationStack3D_dt0nx"]
modification_count = 1
modifications/0 = SubResource( "SkeletonModification3DEWBIK_l8a6t" )

[sub_resource type="SphereMesh" id="SphereMesh_sgql3"]
radius = 5.0
height = 10.0

[sub_resource type="SphereMesh" id="SphereMesh_hhrio"]
radius = 5.0
height = 10.0

[sub_resource type="StandardMaterial3D" id="StandardMaterial3D_283bm"]
albedo_color = Color(0.764706, 0.690196, 0.192157, 1)

[node name="Node3D" type="Node3D"]

[node name="Fox" parent="." instance=ExtResource( "1_cy4mh" )]

[node name="Skeleton3D" parent="Fox/root" index="0"]
bones/1/scale = Vector3(1, 1, 1)
bones/2/rotation = Quaternion(0.127691, -0.695482, -0.12769, 0.695482)
bones/7/rotation = Quaternion(0.000467327, -0.000446148, -0.712179, 0.701997)
bones/9/rotation = Quaternion(-0.0120374, -0.00782221, 0.460562, 0.887511)
bones/10/rotation = Quaternion(0.000497262, -0.000882192, -0.712088, 0.70209)
bones/12/rotation = Quaternion(0.0165179, 0.0140137, 0.460076, 0.887616)
bones/12/scale = Vector3(1, 1, 1)
bones/13/rotation = Quaternion(0, 0, 0.981893, 0.189437)
bones/15/rotation = Quaternion(0, 0, -0.0538328, 0.99855)
bones/16/rotation = Quaternion(-3.75043e-12, -0.000171752, 0.970016, -0.243041)
bones/17/rotation = Quaternion(0, 0, -0.368044, 0.929808)
bones/18/rotation = Quaternion(0.000248411, 0, 0.458484, 0.888703)
bones/18/scale = Vector3(1, 1, 1)
bones/20/rotation = Quaternion(0, 0, 0.969959, -0.24327)
bones/21/rotation = Quaternion(0, 0, -0.368044, 0.929808)
bones/21/scale = Vector3(1, 1, 1)
bones/22/rotation = Quaternion(-0.000153455, 8.18444e-12, 0.457909, 0.888999)
bones/22/scale = Vector3(1, 1, 1)
modification_stack = SubResource( "SkeletonModificationStack3D_dt0nx" )

[node name="Hips2" type="BoneAttachment3D" parent="Fox/root/Skeleton3D" index="1"]
transform = Transform3D(-1.19209e-07, -1.01328e-06, -1, 0.934782, 0.355222, -4.76834e-07, 0.355222, -0.934782, 9.23874e-07, 0, 42.9381, -26.7486)
bone_name = "b_Hip_01"
bone_idx = 2

[node name="MeshInstance3D" type="MeshInstance3D" parent="Fox/root/Skeleton3D/Hips2"]
mesh = SubResource( "SphereMesh_sgql3" )

[node name="Hips" type="BoneAttachment3D" parent="Fox/root/Skeleton3D" index="2"]
transform = Transform3D(-1.19209e-07, -1.01328e-06, -1, 0.934782, 0.355222, -4.76834e-07, 0.355222, -0.934782, 9.23874e-07, 0, 42.9381, -26.7486)
bone_name = "b_Hip_01"
bone_idx = 2

[node name="MeshInstance3D" type="MeshInstance3D" parent="Fox/root/Skeleton3D/Hips"]
mesh = SubResource( "SphereMesh_sgql3" )

[node name="LeftHand" type="BoneAttachment3D" parent="Fox/root/Skeleton3D" index="3"]
transform = Transform3D(0.00773039, -0.0427677, -0.999055, -0.543593, 0.838391, -0.0400961, 0.839313, 0.543389, -0.0167671, 6.94305, 6.69459, 17.8388)
bone_name = "b_LeftHand_011"
bone_idx = 12

[node name="MeshInstance3D" type="MeshInstance3D" parent="Fox/root/Skeleton3D/LeftHand"]
mesh = SubResource( "SphereMesh_sgql3" )

[node name="RightHand" type="BoneAttachment3D" parent="Fox/root/Skeleton3D" index="4"]
transform = Transform3D(-0.00388387, 0.0278754, -0.999604, -0.543162, 0.83924, 0.0255138, 0.839619, 0.543045, 0.0118814, -6.96752, 6.69463, 17.8278)
bone_name = "b_RightHand_08"
bone_idx = 9

[node name="MeshInstance3D" type="MeshInstance3D" parent="Fox/root/Skeleton3D/RightHand"]
mesh = SubResource( "SphereMesh_sgql3" )

[node name="LeftFoot" type="BoneAttachment3D" parent="Fox/root/Skeleton3D" index="5"]
transform = Transform3D(-0.000151539, 2.03588e-05, -1, -0.0858317, 0.99631, 3.3285e-05, 0.99631, 0.0858317, -0.000149213, 6.96534, 0.992588, -32.8905)
bone_name = "b_LeftFoot02_018"
bone_idx = 19

[node name="MeshInstance3D" type="MeshInstance3D" parent="Fox/root/Skeleton3D/LeftFoot"]
mesh = SubResource( "SphereMesh_sgql3" )

[node name="RightFoot" type="BoneAttachment3D" parent="Fox/root/Skeleton3D" index="6"]
transform = Transform3D(0.000307241, -1.97405e-05, -1, -0.0866506, 0.996239, -4.62943e-05, 0.996238, 0.0866505, 0.000304394, -6.96533, 0.984621, -32.8871)
bone_name = "b_RightFoot02_022"
bone_idx = 23

[node name="MeshInstance3D" type="MeshInstance3D" parent="Fox/root/Skeleton3D/RightFoot"]
mesh = SubResource( "SphereMesh_sgql3" )

[node name="Head" type="BoneAttachment3D" parent="Fox/root/Skeleton3D" index="7"]
transform = Transform3D(9.87941e-07, -2.5479e-07, -1, -0.225894, 0.974152, -4.76834e-07, 0.974152, 0.225894, 9.23874e-07, 4.85332e-05, 60.7255, 36.1545)
bone_name = "b_Head_05"
bone_idx = 6

[node name="MeshInstance3D" type="MeshInstance3D" parent="Fox/root/Skeleton3D/Head"]
mesh = SubResource( "SphereMesh_sgql3" )

[node name="Root" type="Position3D" parent="."]
transform = Transform3D(1, 0, 0, 0, -1, -7.39097e-06, 0, 7.39097e-06, -1, 0, 0, 0)

[node name="MeshInstance3D" type="MeshInstance3D" parent="Root"]
mesh = SubResource( "SphereMesh_hhrio" )
surface_material_override/0 = SubResource( "StandardMaterial3D_283bm" )

[node name="Hips2" type="Position3D" parent="."]
transform = Transform3D(1, 0, 0, 0, -3.69549e-06, 1, 0, -1, -3.69549e-06, 0, 0, 0)

[node name="MeshInstance3D" type="MeshInstance3D" parent="Hips2"]
mesh = SubResource( "SphereMesh_hhrio" )
surface_material_override/0 = SubResource( "StandardMaterial3D_283bm" )

[node name="Hips" type="Position3D" parent="."]
transform = Transform3D(-1.19209e-07, -1.01328e-06, -1, 0.934782, 0.355222, -4.76834e-07, 0.355222, -0.934782, 9.23874e-07, 0, 42.9381, -26.7486)

[node name="MeshInstance3D" type="MeshInstance3D" parent="Hips"]
mesh = SubResource( "SphereMesh_hhrio" )
surface_material_override/0 = SubResource( "StandardMaterial3D_283bm" )

[node name="LeftHand" type="Position3D" parent="."]
transform = Transform3D(0.00773039, -0.0427677, -0.999055, -0.543593, 0.838391, -0.0400961, 0.839313, 0.543389, -0.0167671, 6.94305, 6.69459, 17.8388)

[node name="MeshInstance3D" type="MeshInstance3D" parent="LeftHand"]
mesh = SubResource( "SphereMesh_hhrio" )
surface_material_override/0 = SubResource( "StandardMaterial3D_283bm" )

[node name="RightHand" type="Position3D" parent="."]
transform = Transform3D(-0.00388387, 0.0278754, -0.999604, -0.543162, 0.83924, 0.0255138, 0.839619, 0.543045, 0.0118814, -6.96752, 6.69463, 17.8278)

[node name="MeshInstance3D" type="MeshInstance3D" parent="RightHand"]
mesh = SubResource( "SphereMesh_hhrio" )
surface_material_override/0 = SubResource( "StandardMaterial3D_283bm" )

[node name="LeftFoot" type="Position3D" parent="."]
transform = Transform3D(-0.000151539, 2.03588e-05, -1, -0.0858317, 0.99631, 3.3285e-05, 0.99631, 0.0858317, -0.000149213, 6.96534, 0.992588, -32.8905)

[node name="MeshInstance3D" type="MeshInstance3D" parent="LeftFoot"]
mesh = SubResource( "SphereMesh_hhrio" )
surface_material_override/0 = SubResource( "StandardMaterial3D_283bm" )

[node name="RightFoot" type="Position3D" parent="."]
transform = Transform3D(0.000307241, -1.97405e-05, -1, -0.0866506, 0.996239, -4.62943e-05, 0.996238, 0.0866505, 0.000304394, -6.96533, 0.984621, -32.8871)

[node name="MeshInstance3D" type="MeshInstance3D" parent="RightFoot"]
mesh = SubResource( "SphereMesh_hhrio" )
surface_material_override/0 = SubResource( "StandardMaterial3D_283bm" )

[node name="Head" type="Position3D" parent="."]
transform = Transform3D(9.87941e-07, -2.5479e-07, -1, -0.225894, 0.974152, -4.76834e-07, 0.974152, 0.225894, 9.23874e-07, 4.85332e-05, 60.7255, 36.1545)

[node name="MeshInstance3D" type="MeshInstance3D" parent="Head"]
mesh = SubResource( "SphereMesh_hhrio" )
surface_material_override/0 = SubResource( "StandardMaterial3D_283bm" )

[editable path="Fox"]
