[gd_scene load_steps=6 format=3 uid="uid://bmueapwa1c4o1"]

[ext_resource type="PackedScene" uid="uid://c7cddg60ptw4l" path="res://ewbik_samples/art/Fox_corrected_bone_directions.glb" id="1_cy4mh"]

[sub_resource type="SkeletonModification3DEWBIK" id="SkeletonModification3DEWBIK_arbsc"]
root_bone = "_rootJoint"
default_damp = 0.000698132
ik_iterations = 2
pin_count = 7
pins/0/name = "b_Hip_01"
pins/0/target_node = NodePath("../../../../Hips")
pins/0/use_node_rotation = true
pins/0/depth_falloff = 1.0
pins/0/remove = false
pins/1/name = "b_Head_05"
pins/1/target_node = NodePath("../../../../Head")
pins/1/use_node_rotation = true
pins/1/depth_falloff = 1.0
pins/1/remove = false
pins/2/name = "b_LeftFoot02_018"
pins/2/target_node = NodePath("../../../../LeftFoot")
pins/2/use_node_rotation = true
pins/2/depth_falloff = 1.0
pins/2/remove = false
pins/3/name = "b_RightFoot02_022"
pins/3/target_node = NodePath("../../../../RightFoot")
pins/3/use_node_rotation = true
pins/3/depth_falloff = 1.0
pins/3/remove = false
pins/4/name = "b_LeftHand_011"
pins/4/target_node = NodePath("../../../../LeftHand")
pins/4/use_node_rotation = true
pins/4/depth_falloff = 1.0
pins/4/remove = false
pins/5/name = "b_RightHand_08"
pins/5/target_node = NodePath("../../../../RightHand")
pins/5/use_node_rotation = true
pins/5/depth_falloff = 1.0
pins/5/remove = false
pins/6/name = "b_Head_05"
pins/6/target_node = NodePath("../../../../Hips")
pins/6/use_node_rotation = true
pins/6/depth_falloff = 1.0
pins/6/remove = false

[sub_resource type="SkeletonModificationStack3D" id="SkeletonModificationStack3D_wpwf5"]
modification_count = 1
modifications/0 = SubResource( "SkeletonModification3DEWBIK_arbsc" )

[sub_resource type="CylinderMesh" id="CylinderMesh_vodsq"]
top_radius = 0.0
bottom_radius = 1.0

[sub_resource type="StandardMaterial3D" id="StandardMaterial3D_283bm"]
albedo_color = Color(0.764706, 0.690196, 0.192157, 1)

[node name="Node3D" type="Node3D"]

[node name="Fox" parent="." instance=ExtResource( "1_cy4mh" )]

[node name="Skeleton3D" parent="Fox/Fox/root" index="0"]
bones/1/rotation = Quaternion(-0.274976, 0, 0, 0.961451)
bones/3/rotation = Quaternion(9.80752e-07, 6.32555e-06, -0.852017, 0.523514)
bones/4/rotation = Quaternion(-3.42224e-06, -3.54357e-06, -0.0503512, 0.998732)
bones/7/rotation = Quaternion(0.000413434, 0.000501401, -0.662993, 0.748625)
bones/8/rotation = Quaternion(0, 0, 0.0333561, 0.999444)
bones/9/rotation = Quaternion(0.0079128, -0.0119781, 0.460562, 0.887511)
bones/12/rotation = Quaternion(-0.014138, 0.0164117, 0.460076, 0.887616)
bones/13/rotation = Quaternion(5.30177e-06, -3.58688e-06, 0.837099, 0.547052)
bones/15/rotation = Quaternion(0, 0, -0.0538328, 0.99855)
bones/16/rotation = Quaternion(0.00016226, -7.05107e-05, 0.989829, 0.142265)
bones/17/rotation = Quaternion(0, 0, -0.368044, 0.929808)
bones/18/rotation = Quaternion(-2.04679e-11, 0.000248411, 0.458484, 0.888703)
bones/20/rotation = Quaternion(3.2892e-06, -5.49141e-06, 0.989862, 0.142032)
bones/21/rotation = Quaternion(0, 0, -0.368044, 0.929808)
bones/22/rotation = Quaternion(0, -0.000153455, 0.457909, 0.888999)
modification_stack = SubResource( "SkeletonModificationStack3D_wpwf5" )

[node name="Hips" type="BoneAttachment3D" parent="Fox/Fox/root/Skeleton3D" index="1"]
transform = Transform3D(-4.29153e-06, 1.1012e-05, -1, 0.401677, 0.915781, 8.32698e-06, 0.915781, -0.401677, -8.41767e-06, 7.20022e-07, 42.938, -26.7486)
bone_name = "b_Hip_01"
bone_idx = 2

[node name="MeshInstance3D" type="MeshInstance3D" parent="Fox/Fox/root/Skeleton3D/Hips"]
mesh = SubResource( "CylinderMesh_vodsq" )
surface_material_override/0 = SubResource( "StandardMaterial3D_283bm" )

[node name="LeftHand" type="BoneAttachment3D" parent="Fox/Fox/root/Skeleton3D" index="2"]
transform = Transform3D(0.0427081, 0.00805292, -0.999055, -0.834266, -0.549902, -0.0400962, -0.549705, 0.835191, -0.0167671, 6.94305, 6.6946, 17.8388)
bone_name = "b_LeftHand_011"
bone_idx = 12

[node name="MeshInstance3D" type="MeshInstance3D" parent="Fox/Fox/root/Skeleton3D/LeftHand"]
mesh = SubResource( "CylinderMesh_vodsq" )
surface_material_override/0 = SubResource( "StandardMaterial3D_283bm" )

[node name="RightHand" type="BoneAttachment3D" parent="Fox/Fox/root/Skeleton3D" index="3"]
transform = Transform3D(-0.0278454, -0.00409401, -0.999604, -0.835119, -0.549478, 0.0255139, -0.549365, 0.835498, 0.0118814, -6.96752, 6.69464, 17.8278)
bone_name = "b_RightHand_08"
bone_idx = 9

[node name="MeshInstance3D" type="MeshInstance3D" parent="Fox/Fox/root/Skeleton3D/RightHand"]
mesh = SubResource( "CylinderMesh_vodsq" )
surface_material_override/0 = SubResource( "StandardMaterial3D_283bm" )

[node name="LeftFoot" type="BoneAttachment3D" parent="Fox/Fox/root/Skeleton3D" index="4"]
transform = Transform3D(-2.03703e-05, -0.000151521, -1, -0.99631, -0.0858319, 3.32668e-05, -0.0858321, 0.99631, -0.000149278, 6.96534, 0.992567, -32.8905)
bone_name = "b_LeftFoot02_018"
bone_idx = 19

[node name="MeshInstance3D" type="MeshInstance3D" parent="Fox/Fox/root/Skeleton3D/LeftFoot"]
mesh = SubResource( "CylinderMesh_vodsq" )
surface_material_override/0 = SubResource( "StandardMaterial3D_283bm" )

[node name="RightFoot" type="BoneAttachment3D" parent="Fox/Fox/root/Skeleton3D" index="5"]
transform = Transform3D(1.97292e-05, 0.00030726, -1, -0.996239, -0.0866518, -4.63134e-05, -0.0866519, 0.996239, 0.00030433, -6.96533, 0.984597, -32.8871)
bone_name = "b_RightFoot02_022"
bone_idx = 23

[node name="MeshInstance3D" type="MeshInstance3D" parent="Fox/Fox/root/Skeleton3D/RightFoot"]
mesh = SubResource( "CylinderMesh_vodsq" )
surface_material_override/0 = SubResource( "StandardMaterial3D_283bm" )

[node name="Head" type="BoneAttachment3D" parent="Fox/Fox/root/Skeleton3D" index="6"]
transform = Transform3D(2.41246e-07, 1.00397e-06, -1, -0.974152, -0.225893, -4.95558e-07, -0.225893, 0.974152, 8.59216e-07, 5.05984e-05, 60.7255, 36.1544)
bone_name = "b_Head_05"
bone_idx = 6

[node name="MeshInstance3D" type="MeshInstance3D" parent="Fox/Fox/root/Skeleton3D/Head"]
mesh = SubResource( "CylinderMesh_vodsq" )
surface_material_override/0 = SubResource( "StandardMaterial3D_283bm" )

[node name="Hips" type="BoneAttachment3D" parent="."]
transform = Transform3D(0.0471921, 0.0254394, -0.998371, 0.385011, 0.921803, 0.041683, 0.921526, -0.386368, 0.0337093, 0.709499, 43.4786, -25.834)
bone_name = "b_Hip_01"
bone_idx = 2

[node name="MeshInstance3D" type="MeshInstance3D" parent="Hips"]
mesh = SubResource( "CylinderMesh_vodsq" )
surface_material_override/0 = SubResource( "StandardMaterial3D_283bm" )

[node name="LeftHand" type="BoneAttachment3D" parent="."]
transform = Transform3D(-0.0199383, -0.954245, -0.297251, -0.592103, 0.250797, -0.765373, 0.805107, 0.160824, -0.570192, 7.57273, 5.76681, 16.0972)
bone_name = "b_LeftHand_011"
bone_idx = 12

[node name="MeshInstance3D" type="MeshInstance3D" parent="LeftHand"]
mesh = SubResource( "CylinderMesh_vodsq" )
surface_material_override/0 = SubResource( "StandardMaterial3D_283bm" )

[node name="RightHand" type="BoneAttachment3D" parent="."]
transform = Transform3D(-0.087288, -0.97667, -0.194592, -0.601718, 0.20738, -0.77094, 0.793428, 0.0498555, -0.605941, -6.34147, 5.3107, 15.7053)
bone_name = "b_RightHand_08"
bone_idx = 9

[node name="MeshInstance3D" type="MeshInstance3D" parent="RightHand"]
mesh = SubResource( "CylinderMesh_vodsq" )
surface_material_override/0 = SubResource( "StandardMaterial3D_283bm" )

[node name="LeftFoot" type="BoneAttachment3D" parent="."]
transform = Transform3D(-0.811922, -0.567118, 0.136899, -0.583387, 0.79251, -0.176846, -0.00818253, -0.223486, -0.974447, 1.79203, 5.67261, -41.0094)
bone_name = "b_LeftFoot02_018"
bone_idx = 19

[node name="MeshInstance3D" type="MeshInstance3D" parent="LeftFoot"]
mesh = SubResource( "CylinderMesh_vodsq" )
surface_material_override/0 = SubResource( "StandardMaterial3D_283bm" )

[node name="RightFoot" type="BoneAttachment3D" parent="."]
transform = Transform3D(-0.899604, -0.390708, 0.193715, -0.388078, 0.919848, 0.0531087, -0.198967, -0.0273746, -0.979337, -14.748, 10.1031, -45.9457)
bone_name = "b_RightFoot02_022"
bone_idx = 23

[node name="MeshInstance3D" type="MeshInstance3D" parent="RightFoot"]
mesh = SubResource( "CylinderMesh_vodsq" )
surface_material_override/0 = SubResource( "StandardMaterial3D_283bm" )

[node name="Head" type="BoneAttachment3D" parent="."]
transform = Transform3D(0.993228, -0.0588407, 0.0968311, 0.0838928, 0.956108, -0.279577, -0.0761465, 0.28594, 0.954834, -4.72178, 62.7164, 30.6495)
bone_name = "b_Head_05"
bone_idx = 6

[node name="MeshInstance3D" type="MeshInstance3D" parent="Head"]
mesh = SubResource( "CylinderMesh_vodsq" )
surface_material_override/0 = SubResource( "StandardMaterial3D_283bm" )

[editable path="Fox"]
