[gd_scene load_steps=7 format=3 uid="uid://qq5cf34hndch"]

[ext_resource type="PackedScene" uid="uid://daav1dqydvgob" path="res://ewbik_samples/art/Fox.glb" id="1_cy4mh"]

[sub_resource type="SphereMesh" id="SphereMesh_hhrio"]
radius = 5.0
height = 10.0

[sub_resource type="StandardMaterial3D" id="StandardMaterial3D_283bm"]
albedo_color = Color(0.764706, 0.690196, 0.192157, 1)

[sub_resource type="SkeletonModification3DEWBIK" id="SkeletonModification3DEWBIK_l8a6t"]
execution_mode = 1
root_bone = "b_Root_00"
ik_iterations = 2
pin_count = 7
pins/0/name = "b_Hip_01"
pins/0/target_node = NodePath("../../../Hips")
pins/0/use_node_rotation = false
pins/0/depth_falloff = 1.0
pins/0/remove = false
pins/1/name = "b_LeftHand_011"
pins/1/target_node = NodePath("../../../LeftHand")
pins/1/use_node_rotation = false
pins/1/depth_falloff = 1.0
pins/1/remove = false
pins/2/name = "b_RightHand_08"
pins/2/target_node = NodePath("../../../RightHand")
pins/2/use_node_rotation = false
pins/2/depth_falloff = 1.0
pins/2/remove = false
pins/3/name = "b_LeftFoot02_018"
pins/3/target_node = NodePath("../../../LeftFoot")
pins/3/use_node_rotation = false
pins/3/depth_falloff = 1.0
pins/3/remove = false
pins/4/name = "b_RightFoot02_022"
pins/4/target_node = NodePath("../../../RightFoot")
pins/4/use_node_rotation = false
pins/4/depth_falloff = 1.0
pins/4/remove = false
pins/5/name = "b_LeftFoot02_018"
pins/5/target_node = NodePath("../../../LeftFoot")
pins/5/use_node_rotation = false
pins/5/depth_falloff = 1.0
pins/5/remove = false
pins/6/name = "b_Head_05"
pins/6/target_node = NodePath("../../../Head")
pins/6/use_node_rotation = false
pins/6/depth_falloff = 1.0
pins/6/remove = false

[sub_resource type="SkeletonModificationStack3D" id="SkeletonModificationStack3D_dt0nx"]
enabled = true
modification_count = 1
modifications/0 = SubResource( "SkeletonModification3DEWBIK_l8a6t" )

[sub_resource type="SphereMesh" id="SphereMesh_sgql3"]
radius = 5.0
height = 10.0

[node name="Node3D" type="Node3D"]

[node name="Hips" type="Position3D" parent="."]
transform = Transform3D(-1.19209e-07, -1.01328e-06, -1, 0.934782, 0.355222, -4.76834e-07, 0.355222, -0.934782, 9.23874e-07, 0, 42.9381, -26.7486)

[node name="MeshInstance3D" type="MeshInstance3D" parent="Hips"]
mesh = SubResource( "SphereMesh_hhrio" )
surface_material_override/0 = SubResource( "StandardMaterial3D_283bm" )

[node name="LeftHand" type="Position3D" parent="."]
transform = Transform3D(0.00773039, -0.0427677, -0.999055, -0.543593, 0.838391, -0.0400961, 0.839313, 0.543389, -0.0167671, 6.94305, 6.69459, 17.8388)

[node name="MeshInstance3D" type="MeshInstance3D" parent="LeftHand"]
mesh = SubResource( "SphereMesh_hhrio" )
surface_material_override/0 = SubResource( "StandardMaterial3D_283bm" )

[node name="RightHand" type="Position3D" parent="."]
transform = Transform3D(-0.00388387, 0.0278754, -0.999604, -0.543162, 0.83924, 0.0255138, 0.839619, 0.543045, 0.0118814, -6.96752, 6.69463, 17.8278)

[node name="MeshInstance3D" type="MeshInstance3D" parent="RightHand"]
mesh = SubResource( "SphereMesh_hhrio" )
surface_material_override/0 = SubResource( "StandardMaterial3D_283bm" )

[node name="LeftFoot" type="Position3D" parent="."]
transform = Transform3D(-0.000151539, 2.03588e-05, -1, -0.0858317, 0.99631, 3.3285e-05, 0.99631, 0.0858317, -0.000149213, 6.96534, 0.992588, -32.8905)

[node name="MeshInstance3D" type="MeshInstance3D" parent="LeftFoot"]
mesh = SubResource( "SphereMesh_hhrio" )
surface_material_override/0 = SubResource( "StandardMaterial3D_283bm" )

[node name="RightFoot" type="Position3D" parent="."]
transform = Transform3D(0.000307241, -1.97405e-05, -1, -0.0866506, 0.996239, -4.62943e-05, 0.996238, 0.0866505, 0.000304394, -6.96533, 0.984621, -32.8871)

[node name="MeshInstance3D" type="MeshInstance3D" parent="RightFoot"]
mesh = SubResource( "SphereMesh_hhrio" )
surface_material_override/0 = SubResource( "StandardMaterial3D_283bm" )

[node name="Head" type="Position3D" parent="."]
transform = Transform3D(9.87941e-07, -2.5479e-07, -1, -0.225894, 0.974152, -4.76834e-07, 0.974152, 0.225894, 9.23874e-07, 4.85332e-05, 60.7255, 36.1545)

[node name="MeshInstance3D" type="MeshInstance3D" parent="Head"]
mesh = SubResource( "SphereMesh_hhrio" )
surface_material_override/0 = SubResource( "StandardMaterial3D_283bm" )

[node name="Root" type="Position3D" parent="."]
transform = Transform3D(1, 0, 0, 0, -3.69549e-06, 1, 0, -1, -3.69549e-06, 0, 0, 0)

[node name="MeshInstance3D" type="MeshInstance3D" parent="Root"]
mesh = SubResource( "SphereMesh_hhrio" )
surface_material_override/0 = SubResource( "StandardMaterial3D_283bm" )

[node name="Fox" parent="." instance=ExtResource( "1_cy4mh" )]

[node name="Skeleton3D" parent="Fox/root" index="0"]
bones/1/rotation = Quaternion(-0.716059, 0.0441368, -0.0353844, 0.695744)
bones/1/scale = Vector3(0.999995, 0.999999, 0.999999)
bones/2/position = Vector3(2.98023e-07, 26.75, 42.9402)
bones/2/rotation = Quaternion(0.146569, -0.665562, -0.162974, 0.713431)
bones/2/scale = Vector3(1.00005, 1.00005, 1.00004)
bones/3/position = Vector3(12.8505, 8.01086e-05, 7.15256e-06)
bones/3/rotation = Quaternion(-0.034863, 0.0167467, -0.537845, 0.842156)
bones/3/scale = Vector3(0.999989, 0.999988, 0.999979)
bones/4/position = Vector3(21.6557, -2.67029e-05, 7.15256e-06)
bones/4/rotation = Quaternion(-0.0527375, -0.00778656, 0.0815796, 0.99524)
bones/4/scale = Vector3(0.999991, 0.999993, 0.999987)
bones/5/position = Vector3(25.649, 1.14441e-05, -5.14984e-05)
bones/5/rotation = Quaternion(-0.0742229, -0.0289883, 0.35358, 0.932004)
bones/5/scale = Vector3(0.99999, 0.99999, 0.999988)
bones/6/position = Vector3(13.3769, 5.72205e-05, -1.23978e-05)
bones/6/rotation = Quaternion(-0.106817, 0.0883915, -0.365783, 0.920315)
bones/6/scale = Vector3(0.999997, 0.999996, 0.999991)
bones/7/position = Vector3(18.6779, -4.29743, 6.96753)
bones/7/rotation = Quaternion(-0.189087, -0.00893611, -0.663554, 0.723783)
bones/7/scale = Vector3(0.999998, 0.999999, 0.999993)
bones/8/position = Vector3(23.0451, -1.33514e-05, 0)
bones/8/rotation = Quaternion(-0.186729, -0.103801, 0.155721, 0.964421)
bones/8/scale = Vector3(0.999994, 0.999996, 0.999987)
bones/9/position = Vector3(19.3499, -0.145967, -2.67029e-05)
bones/9/rotation = Quaternion(-0.0776552, -0.17449, 0.565094, 0.802616)
bones/9/scale = Vector3(0.999985, 0.999987, 0.999993)
bones/10/position = Vector3(18.6779, -4.2975, -6.96797)
bones/10/rotation = Quaternion(-0.154004, -0.0269535, -0.648174, 0.74527)
bones/10/scale = Vector3(0.999995, 0.999998, 0.999987)
bones/11/position = Vector3(23.0449, -1.71661e-05, 2.09808e-05)
bones/11/rotation = Quaternion(-0.128813, -0.0948562, 0.212554, 0.963966)
bones/11/scale = Vector3(0.999993, 0.999993, 0.99999)
bones/12/position = Vector3(19.3499, -0.145918, 3.8147e-05)
bones/12/rotation = Quaternion(0.0159977, -0.128531, 0.602963, 0.787185)
bones/12/scale = Vector3(0.999989, 0.999993, 0.99999)
bones/13/position = Vector3(4.26028, 15.9586, 7.62939e-06)
bones/13/rotation = Quaternion(-0.0124787, -0.00780771, 0.981228, 0.192289)
bones/13/scale = Vector3(0.999984, 0.99998, 0.999975)
bones/14/position = Vector3(12.4119, -7.62939e-06, -6.4373e-06)
bones/14/rotation = Quaternion(-0.0197742, 0.00930711, -0.0486919, 0.998575)
bones/14/scale = Vector3(0.999991, 0.999995, 0.999989)
bones/15/position = Vector3(24.2404, 9.15527e-05, 1.78814e-07)
bones/15/rotation = Quaternion(-0.00674291, 0.000966076, 0.00238225, 0.999974)
bones/15/scale = Vector3(0.999995, 0.999994, 0.999987)
bones/16/position = Vector3(4.81363, 5.15413, -6.96787)
bones/16/rotation = Quaternion(-0.0465856, -0.0738675, 0.990055, -0.110291)
bones/16/scale = Vector3(0.999985, 0.999979, 0.999974)
bones/17/position = Vector3(18.9444, -2.28882e-05, 5.72205e-06)
bones/17/rotation = Quaternion(-0.0367205, 0.106585, -0.534911, 0.837354)
bones/17/scale = Vector3(0.999998, 0.999994, 0.999985)
bones/18/position = Vector3(17.943, -0.000301361, 3.8147e-06)
bones/18/rotation = Quaternion(-0.120048, 0.183416, 0.184235, 0.958126)
bones/18/scale = Vector3(0.999999, 0.999997, 0.999994)
bones/19/position = Vector3(15.7799, -3.43323e-05, 4.76837e-06)
bones/19/rotation = Quaternion(-0.161216, 0.139422, 0.237207, 0.947789)
bones/19/scale = Vector3(0.999998, 0.999998, 0.999982)
bones/20/position = Vector3(4.81357, 5.15409, 6.96744)
bones/20/rotation = Quaternion(-0.0772278, -0.0755362, 0.989694, -0.0939948)
bones/20/scale = Vector3(0.999983, 0.999974, 0.999975)
bones/21/position = Vector3(18.9441, -3.8147e-06, -1.19209e-05)
bones/21/rotation = Quaternion(-0.0113076, 0.130889, -0.554778, 0.821561)
bones/21/scale = Vector3(0.99999, 0.999991, 0.99998)
bones/22/position = Vector3(17.9427, -6.10352e-05, 3.00407e-05)
bones/22/rotation = Quaternion(-0.0990248, 0.262767, 0.148099, 0.948269)
bones/22/scale = Vector3(0.999996, 0.999998, 0.999991)
bones/23/position = Vector3(15.7799, 6.86646e-05, -2.09808e-05)
bones/23/rotation = Quaternion(-0.165082, 0.188394, 0.193456, 0.948594)
bones/23/scale = Vector3(0.999994, 0.999994, 0.999993)
modification_stack = SubResource( "SkeletonModificationStack3D_dt0nx" )

[node name="Hips2" type="BoneAttachment3D" parent="Fox/root/Skeleton3D" index="1"]
transform = Transform3D(0.167619, 0.072333, -0.983231, 0.900974, 0.393717, 0.182556, 0.400306, -0.916434, 0.000824139, 4.43943, 41.9024, -27.9983)
bone_name = "b_Hip_01"
bone_idx = 2

[node name="MeshInstance3D" type="MeshInstance3D" parent="Fox/root/Skeleton3D/Hips2"]
mesh = SubResource( "SphereMesh_sgql3" )

[node name="Hips" type="BoneAttachment3D" parent="Fox/root/Skeleton3D" index="2"]
transform = Transform3D(0.167619, 0.072333, -0.983231, 0.900974, 0.393717, 0.182556, 0.400306, -0.916434, 0.000824139, 4.43943, 41.9024, -27.9983)
bone_name = "b_Hip_01"
bone_idx = 2

[node name="MeshInstance3D" type="MeshInstance3D" parent="Fox/root/Skeleton3D/Hips"]
mesh = SubResource( "SphereMesh_sgql3" )

[node name="LeftHand" type="BoneAttachment3D" parent="Fox/root/Skeleton3D" index="3"]
transform = Transform3D(0.385546, 0.722135, -0.574306, 0.343185, 0.465576, 0.81576, 0.856498, -0.511625, -0.0683294, -10.4351, 23.4625, 39.1403)
bone_name = "b_LeftHand_011"
bone_idx = 12

[node name="MeshInstance3D" type="MeshInstance3D" parent="Fox/root/Skeleton3D/LeftHand"]
mesh = SubResource( "SphereMesh_sgql3" )

[node name="RightHand" type="BoneAttachment3D" parent="Fox/root/Skeleton3D" index="4"]
transform = Transform3D(0.410062, 0.874575, -0.258695, 0.0420891, 0.26522, 0.963274, 0.91109, -0.405898, 0.0719424, -25.1664, 27.2544, 35.7622)
bone_name = "b_RightHand_08"
bone_idx = 9

[node name="MeshInstance3D" type="MeshInstance3D" parent="Fox/root/Skeleton3D/RightHand"]
mesh = SubResource( "SphereMesh_sgql3" )

[node name="LeftFoot" type="BoneAttachment3D" parent="Fox/root/Skeleton3D" index="5"]
transform = Transform3D(0.790149, 0.221827, -0.571335, -0.501123, -0.30293, -0.810636, -0.352908, 0.926857, -0.128199, 18.5848, 17.7539, -64.3334)
bone_name = "b_LeftFoot02_018"
bone_idx = 19

[node name="MeshInstance3D" type="MeshInstance3D" parent="Fox/root/Skeleton3D/LeftFoot"]
mesh = SubResource( "SphereMesh_sgql3" )

[node name="RightFoot" type="BoneAttachment3D" parent="Fox/root/Skeleton3D" index="6"]
transform = Transform3D(0.932721, 0.110806, -0.343089, -0.239167, -0.521966, -0.818762, -0.269812, 0.845744, -0.46035, 10.7704, 25.2967, -64.3023)
bone_name = "b_RightFoot02_022"
bone_idx = 23

[node name="MeshInstance3D" type="MeshInstance3D" parent="Fox/root/Skeleton3D/RightFoot"]
mesh = SubResource( "SphereMesh_sgql3" )

[node name="Head" type="BoneAttachment3D" parent="Fox/root/Skeleton3D" index="7"]
transform = Transform3D(-0.0109498, 0.67705, -0.735834, 0.15033, 0.728661, 0.668187, 0.988591, -0.103304, -0.10976, 10.7539, 68.659, 32.2214)
bone_name = "b_Head_05"
bone_idx = 6

[node name="MeshInstance3D" type="MeshInstance3D" parent="Fox/root/Skeleton3D/Head"]
mesh = SubResource( "SphereMesh_sgql3" )

[editable path="Fox"]
