[gd_scene load_steps=7 format=3 uid="uid://qq5cf34hndch"]

[ext_resource type="PackedScene" uid="uid://daav1dqydvgob" path="res://ewbik_samples/art/Fox.glb" id="1_cy4mh"]

[sub_resource type="SphereMesh" id="SphereMesh_hhrio"]
radius = 5.0
height = 10.0

[sub_resource type="StandardMaterial3D" id="StandardMaterial3D_283bm"]
albedo_color = Color(0.764706, 0.690196, 0.192157, 1)

[sub_resource type="SkeletonModification3DEWBIK" id="SkeletonModification3DEWBIK_l8a6t"]
execution_mode = 1
root_bone = "b_Root_00"
pin_count = 7
pins/0/name = "b_Hip_01"
pins/0/target_node = NodePath("../../../Hips")
pins/0/use_node_rotation = true
pins/0/depth_falloff = 1.0
pins/0/remove = false
pins/1/name = "b_LeftHand_011"
pins/1/target_node = NodePath("../../../LeftHand")
pins/1/use_node_rotation = true
pins/1/depth_falloff = 1.0
pins/1/remove = false
pins/2/name = "b_RightHand_08"
pins/2/target_node = NodePath("../../../RightHand")
pins/2/use_node_rotation = true
pins/2/depth_falloff = 1.0
pins/2/remove = false
pins/3/name = "b_RightFoot02_022"
pins/3/target_node = NodePath("../../../RightFoot")
pins/3/use_node_rotation = true
pins/3/depth_falloff = 1.0
pins/3/remove = false
pins/4/name = "b_LeftFoot02_018"
pins/4/target_node = NodePath("../../../LeftFoot")
pins/4/use_node_rotation = true
pins/4/depth_falloff = 1.0
pins/4/remove = false
pins/5/name = "b_Head_05"
pins/5/target_node = NodePath("../../../Head")
pins/5/use_node_rotation = true
pins/5/depth_falloff = 1.0
pins/5/remove = false
pins/6/name = "_rootJoint"
pins/6/target_node = NodePath("../../../Root")
pins/6/use_node_rotation = true
pins/6/depth_falloff = 1.0
pins/6/remove = false

[sub_resource type="SkeletonModificationStack3D" id="SkeletonModificationStack3D_dt0nx"]
enabled = true
modification_count = 1
modifications/0 = SubResource( "SkeletonModification3DEWBIK_l8a6t" )

[sub_resource type="SphereMesh" id="SphereMesh_sgql3"]
radius = 5.0
height = 10.0

[node name="Node3D" type="Node3D"]

[node name="Hips" type="Position3D" parent="."]
transform = Transform3D(-1.19209e-07, -1.01328e-06, -1, 0.934782, 0.355222, -4.76834e-07, 0.355222, -0.934782, 9.23874e-07, 0, 42.9381, -26.7486)

[node name="MeshInstance3D" type="MeshInstance3D" parent="Hips"]
mesh = SubResource( "SphereMesh_hhrio" )
surface_material_override/0 = SubResource( "StandardMaterial3D_283bm" )

[node name="LeftHand" type="Position3D" parent="."]
transform = Transform3D(0.00773039, -0.0427677, -0.999055, -0.543593, 0.838391, -0.0400961, 0.839313, 0.543389, -0.0167671, 6.94305, 6.69459, 17.8388)

[node name="MeshInstance3D" type="MeshInstance3D" parent="LeftHand"]
mesh = SubResource( "SphereMesh_hhrio" )
surface_material_override/0 = SubResource( "StandardMaterial3D_283bm" )

[node name="RightHand" type="Position3D" parent="."]
transform = Transform3D(-0.00388387, 0.0278754, -0.999604, -0.543162, 0.83924, 0.0255138, 0.839619, 0.543045, 0.0118814, -6.96752, 6.69463, 17.8278)

[node name="MeshInstance3D" type="MeshInstance3D" parent="RightHand"]
mesh = SubResource( "SphereMesh_hhrio" )
surface_material_override/0 = SubResource( "StandardMaterial3D_283bm" )

[node name="LeftFoot" type="Position3D" parent="."]
transform = Transform3D(-0.000151539, 2.03588e-05, -1, -0.0858317, 0.99631, 3.3285e-05, 0.99631, 0.0858317, -0.000149213, 6.96534, 0.992588, -32.8905)

[node name="MeshInstance3D" type="MeshInstance3D" parent="LeftFoot"]
mesh = SubResource( "SphereMesh_hhrio" )
surface_material_override/0 = SubResource( "StandardMaterial3D_283bm" )

[node name="RightFoot" type="Position3D" parent="."]
transform = Transform3D(0.000307241, -1.97405e-05, -1, -0.0866506, 0.996239, -4.62943e-05, 0.996238, 0.0866505, 0.000304394, -15.0162, 0.984621, -32.8871)

[node name="MeshInstance3D" type="MeshInstance3D" parent="RightFoot"]
mesh = SubResource( "SphereMesh_hhrio" )
surface_material_override/0 = SubResource( "StandardMaterial3D_283bm" )

[node name="Head" type="Position3D" parent="."]
transform = Transform3D(9.87941e-07, -2.5479e-07, -1, -0.225894, 0.974152, -4.76834e-07, 0.974152, 0.225894, 9.23874e-07, 4.85332e-05, 60.7255, 36.1545)

[node name="MeshInstance3D" type="MeshInstance3D" parent="Head"]
mesh = SubResource( "SphereMesh_hhrio" )
surface_material_override/0 = SubResource( "StandardMaterial3D_283bm" )

[node name="Root" type="Position3D" parent="."]
transform = Transform3D(1, 0, 0, 0, -3.69549e-06, 1, 0, -1, -3.69549e-06, 0, 0, 0)

[node name="MeshInstance3D" type="MeshInstance3D" parent="Root"]
mesh = SubResource( "SphereMesh_hhrio" )
surface_material_override/0 = SubResource( "StandardMaterial3D_283bm" )

[node name="Fox" parent="." instance=ExtResource( "1_cy4mh" )]

[node name="Skeleton3D" parent="Fox/root" index="0"]
bones/1/rotation = Quaternion(-0.785116, -0.0242164, 0.093307, 0.611801)
bones/1/scale = Vector3(1.00002, 1.00002, 1.00002)
bones/2/position = Vector3(-4.81606e-05, 26.7524, 42.9442)
bones/2/rotation = Quaternion(0.21333, -0.692644, -0.0885306, 0.683298)
bones/2/scale = Vector3(1.00016, 1.0001, 1.00015)
bones/3/position = Vector3(12.8501, -0.000190735, -2.52724e-05)
bones/3/rotation = Quaternion(0.0111612, -0.0132099, -0.554972, 0.831689)
bones/3/scale = Vector3(0.999987, 0.999955, 0.999973)
bones/4/position = Vector3(21.6542, -0.000366211, -1.14441e-05)
bones/4/rotation = Quaternion(0.0124887, -0.0111213, 0.0487818, 0.998669)
bones/4/scale = Vector3(0.999958, 0.999923, 0.999947)
bones/5/position = Vector3(25.6491, -0.000228882, 2.28882e-05)
bones/5/rotation = Quaternion(0.286737, 0.103208, 0.214307, 0.92801)
bones/5/scale = Vector3(0.999991, 1, 0.999991)
bones/6/position = Vector3(13.3768, -3.62396e-05, 0.000120163)
bones/6/rotation = Quaternion(-0.397635, -0.0743103, -0.272053, 0.873128)
bones/6/scale = Vector3(0.999983, 1.00004, 0.999978)
bones/7/position = Vector3(18.6779, -4.29716, 6.96753)
bones/7/rotation = Quaternion(-0.270631, -0.0890286, -0.559546, 0.778294)
bones/7/scale = Vector3(1.00001, 0.999936, 0.999956)
bones/8/position = Vector3(23.0437, 7.62939e-05, -0.000204086)
bones/8/rotation = Quaternion(-0.0809535, 0.0183859, 0.269572, 0.959395)
bones/8/scale = Vector3(0.999965, 0.999946, 0.999943)
bones/9/position = Vector3(19.351, -0.145809, 1.52588e-05)
bones/9/rotation = Quaternion(0.249506, -0.108194, 0.391791, 0.878943)
bones/9/scale = Vector3(1, 0.999969, 0.999992)
bones/10/position = Vector3(18.6778, -4.29727, -6.96796)
bones/10/rotation = Quaternion(-0.331009, -0.113531, -0.486345, 0.800633)
bones/10/scale = Vector3(1.00002, 0.999958, 0.999955)
bones/11/position = Vector3(23.0449, -0.000236511, -4.57764e-05)
bones/11/rotation = Quaternion(-0.0356889, -0.0398156, 0.379555, 0.923623)
bones/11/scale = Vector3(0.999973, 0.999952, 0.999916)
bones/12/position = Vector3(19.3495, -0.145847, -2.67029e-05)
bones/12/rotation = Quaternion(0.208934, -0.148715, 0.457024, 0.851681)
bones/12/scale = Vector3(0.999967, 0.999923, 0.999975)
bones/13/position = Vector3(4.26012, 15.9583, -6.53267e-05)
bones/13/rotation = Quaternion(-0.649164, 0.278051, 0.704694, -0.0684124)
bones/13/scale = Vector3(0.999958, 0.999973, 0.999953)
bones/14/position = Vector3(12.4125, -0.00018692, -3.8147e-06)
bones/14/rotation = Quaternion(0.124908, 0.208789, 0.214396, 0.94596)
bones/14/scale = Vector3(1.00003, 1.00003, 1.00003)
bones/15/position = Vector3(24.2401, 8.7738e-05, -2.38419e-05)
bones/15/rotation = Quaternion(0.181698, 0.134441, 0.185339, 0.956327)
bones/15/scale = Vector3(0.999983, 0.999976, 0.999992)
bones/16/position = Vector3(4.81378, 5.15358, -6.96772)
bones/16/rotation = Quaternion(0.206772, -0.113218, 0.962008, -0.137727)
bones/16/scale = Vector3(0.999969, 0.999943, 0.999941)
bones/17/position = Vector3(18.9442, 2.28882e-05, -0.000108719)
bones/17/rotation = Quaternion(-0.156652, 0.0255117, -0.267716, 0.950335)
bones/17/scale = Vector3(0.999969, 0.999982, 1.00001)
bones/18/position = Vector3(17.9422, -0.000171661, -1.33514e-05)
bones/18/rotation = Quaternion(0.72213, -0.568157, -0.0723205, 0.387937)
bones/18/scale = Vector3(0.999934, 0.999924, 0.999929)
bones/19/position = Vector3(15.7792, -6.10352e-05, 0.000110626)
bones/19/rotation = Quaternion(0.725209, -0.505482, -0.369136, 0.286877)
bones/19/scale = Vector3(0.999935, 0.999926, 0.999942)
bones/20/position = Vector3(4.81379, 5.15386, 6.96715)
bones/20/rotation = Quaternion(-0.335391, 0.419357, -0.170779, 0.826128)
bones/20/scale = Vector3(0.99995, 0.999948, 0.999937)
bones/21/position = Vector3(18.9432, -0.00012207, 3.05176e-05)
bones/21/rotation = Quaternion(-0.342258, -0.411299, -0.120752, 0.836129)
bones/21/scale = Vector3(0.999951, 0.999911, 0.999937)
bones/22/position = Vector3(17.9428, 0.000232697, -3.43323e-05)
bones/22/rotation = Quaternion(-0.133151, 0.321523, 0.766775, 0.539398)
bones/22/scale = Vector3(0.999975, 0.999985, 0.99996)
bones/23/position = Vector3(15.7796, -0.000217438, 4.95911e-05)
bones/23/rotation = Quaternion(0.543209, -0.17487, 0.580848, 0.580483)
bones/23/scale = Vector3(0.999981, 0.999956, 0.999962)
modification_stack = SubResource( "SkeletonModificationStack3D_dt0nx" )

[node name="Hips2" type="BoneAttachment3D" parent="Fox/root/Skeleton3D" index="1"]
transform = Transform3D(-0.104031, -0.312308, -0.944443, 0.977115, 0.145941, -0.155892, 0.186497, -0.938828, 0.289941, -9.6017, 34.3676, -35.8701)
bone_name = "b_Hip_01"
bone_idx = 2

[node name="MeshInstance3D" type="MeshInstance3D" parent="Fox/root/Skeleton3D/Hips2"]
mesh = SubResource( "SphereMesh_sgql3" )

[node name="Hips" type="BoneAttachment3D" parent="Fox/root/Skeleton3D" index="2"]
transform = Transform3D(-0.104031, -0.312308, -0.944443, 0.977115, 0.145941, -0.155892, 0.186497, -0.938828, 0.289941, -9.6017, 34.3676, -35.8701)
bone_name = "b_Hip_01"
bone_idx = 2

[node name="MeshInstance3D" type="MeshInstance3D" parent="Fox/root/Skeleton3D/Hips"]
mesh = SubResource( "SphereMesh_sgql3" )

[node name="LeftHand" type="BoneAttachment3D" parent="Fox/root/Skeleton3D" index="3"]
transform = Transform3D(0.104793, -0.0591435, -0.992676, 0.873407, 0.482724, 0.0633648, 0.475499, -0.873705, 0.102285, 4.86338, 43.0864, 40.6059)
bone_name = "b_LeftHand_011"
bone_idx = 12

[node name="MeshInstance3D" type="MeshInstance3D" parent="Fox/root/Skeleton3D/LeftHand"]
mesh = SubResource( "SphereMesh_sgql3" )

[node name="RightHand" type="BoneAttachment3D" parent="Fox/root/Skeleton3D" index="4"]
transform = Transform3D(0.149972, -0.132548, -0.979737, 0.451686, 0.890659, -0.0513883, 0.879456, -0.434856, 0.193491, -6.18471, 28.626, 40.2425)
bone_name = "b_RightHand_08"
bone_idx = 9

[node name="MeshInstance3D" type="MeshInstance3D" parent="Fox/root/Skeleton3D/RightHand"]
mesh = SubResource( "SphereMesh_sgql3" )

[node name="LeftFoot" type="BoneAttachment3D" parent="Fox/root/Skeleton3D" index="5"]
transform = Transform3D(-0.178905, 0.83142, 0.525986, -0.857275, 0.130565, -0.497988, -0.482692, -0.540036, 0.689364, -30.2787, 9.56118, -47.4184)
bone_name = "b_LeftFoot02_018"
bone_idx = 19

[node name="MeshInstance3D" type="MeshInstance3D" parent="Fox/root/Skeleton3D/LeftFoot"]
mesh = SubResource( "SphereMesh_sgql3" )

[node name="RightFoot" type="BoneAttachment3D" parent="Fox/root/Skeleton3D" index="6"]
transform = Transform3D(0.346007, -0.564065, 0.749689, -0.294325, 0.693481, 0.657634, -0.890838, -0.448138, 0.0739485, 8.08255, 61.3231, -23.4184)
bone_name = "b_RightFoot02_022"
bone_idx = 23

[node name="MeshInstance3D" type="MeshInstance3D" parent="Fox/root/Skeleton3D/RightFoot"]
mesh = SubResource( "SphereMesh_sgql3" )

[node name="Head" type="BoneAttachment3D" parent="Fox/root/Skeleton3D" index="7"]
transform = Transform3D(0.233437, -0.0199423, -0.972227, 0.241005, 0.969875, 0.0379537, 0.94208, -0.243126, 0.231203, 0.533159, 70.124, 19.7851)
bone_name = "b_Head_05"
bone_idx = 6

[node name="MeshInstance3D" type="MeshInstance3D" parent="Fox/root/Skeleton3D/Head"]
mesh = SubResource( "SphereMesh_sgql3" )

[editable path="Fox"]
