[gd_scene load_steps=6 format=3 uid="uid://bmueapwa1c4o1"]

[ext_resource type="PackedScene" uid="uid://c7cddg60ptw4l" path="res://ewbik_samples/art/Fox_corrected_bone_directions.glb" id="1_cy4mh"]

[sub_resource type="SkeletonModification3DEWBIK" id="SkeletonModification3DEWBIK_arbsc"]
root_bone = "_rootJoint"
default_damp = 0.000698132
ik_iterations = 2
pin_count = 7
pins/0/name = "b_Hip_01"
pins/0/target_node = NodePath("../../../../Hips")
pins/0/use_node_rotation = true
pins/0/depth_falloff = 1.0
pins/0/remove = false
pins/1/name = "b_Head_05"
pins/1/target_node = NodePath("../../../../Head")
pins/1/use_node_rotation = true
pins/1/depth_falloff = 1.0
pins/1/remove = false
pins/2/name = "b_LeftFoot02_018"
pins/2/target_node = NodePath("../../../../LeftFoot")
pins/2/use_node_rotation = true
pins/2/depth_falloff = 1.0
pins/2/remove = false
pins/3/name = "b_RightFoot02_022"
pins/3/target_node = NodePath("../../../../RightFoot")
pins/3/use_node_rotation = true
pins/3/depth_falloff = 1.0
pins/3/remove = false
pins/4/name = "b_LeftHand_011"
pins/4/target_node = NodePath("../../../../LeftHand")
pins/4/use_node_rotation = true
pins/4/depth_falloff = 1.0
pins/4/remove = false
pins/5/name = "b_RightHand_08"
pins/5/target_node = NodePath("../../../../RightHand")
pins/5/use_node_rotation = true
pins/5/depth_falloff = 1.0
pins/5/remove = false
pins/6/name = "b_Head_05"
pins/6/target_node = NodePath("../../../../Hips")
pins/6/use_node_rotation = true
pins/6/depth_falloff = 1.0
pins/6/remove = false

[sub_resource type="SkeletonModificationStack3D" id="SkeletonModificationStack3D_wpwf5"]
enabled = true
modification_count = 1
modifications/0 = SubResource( "SkeletonModification3DEWBIK_arbsc" )

[sub_resource type="CylinderMesh" id="CylinderMesh_vodsq"]
top_radius = 0.0
bottom_radius = 1.0

[sub_resource type="StandardMaterial3D" id="StandardMaterial3D_283bm"]
albedo_color = Color(0.764706, 0.690196, 0.192157, 1)

[node name="Node3D" type="Node3D"]

[node name="Fox" parent="." instance=ExtResource( "1_cy4mh" )]

[node name="Skeleton3D" parent="Fox/Fox/root" index="0"]
bones/0/rotation = Quaternion(-0.05206, -0.00355779, -0.0150039, 0.998525)
bones/0/scale = Vector3(0.999964, 0.999977, 0.999983)
bones/1/rotation = Quaternion(-0.324643, -0.00754954, -0.0134478, 0.945711)
bones/1/scale = Vector3(1.00001, 1.00002, 1.00001)
bones/2/position = Vector3(-9.53674e-07, 50.5875, 0.000108719)
bones/2/rotation = Quaternion(0.0707989, -0.702905, -0.0105674, 0.707672)
bones/2/scale = Vector3(0.999983, 0.999968, 0.999977)
bones/3/position = Vector3(9.00609, 9.1662, 0.000125408)
bones/3/rotation = Quaternion(0.0376954, -0.0478468, -0.83651, 0.544556)
bones/3/scale = Vector3(1, 0.999999, 1)
bones/4/position = Vector3(0.000583649, 21.6554, 6.4373e-06)
bones/4/rotation = Quaternion(0.0530666, 0.00190811, -0.0197414, 0.998394)
bones/4/scale = Vector3(0.999961, 0.999986, 0.999953)
bones/5/position = Vector3(-3.46662, 25.4122, 0.000255585)
bones/5/rotation = Quaternion(-0.195283, -0.0129429, 0.329581, 0.92362)
bones/5/scale = Vector3(0.999964, 0.99998, 0.999991)
bones/6/position = Vector3(-0.000179291, 13.3765, -4.57764e-05)
bones/6/rotation = Quaternion(-0.00863575, 0.00425405, -0.399551, 0.916661)
bones/6/scale = Vector3(0.999995, 0.999991, 0.999982)
bones/7/position = Vector3(1.73349, 19.0858, 6.96764)
bones/7/rotation = Quaternion(0.0195732, -0.0336301, -0.632397, 0.773666)
bones/7/scale = Vector3(0.999967, 0.999979, 0.999959)
bones/8/position = Vector3(0.000188828, 23.045, -0.000110626)
bones/8/rotation = Quaternion(0.072185, -0.0201748, 0.10843, 0.991274)
bones/8/scale = Vector3(0.999991, 0.999998, 0.999992)
bones/9/position = Vector3(1.14441e-05, 19.3499, 3.14713e-05)
bones/9/rotation = Quaternion(-0.0206353, -0.1256, 0.479142, 0.86846)
bones/9/scale = Vector3(0.999993, 0.999988, 0.999991)
bones/10/position = Vector3(1.73329, 19.0859, -6.96773)
bones/10/rotation = Quaternion(0.0243766, -0.0387705, -0.630467, 0.774864)
bones/10/scale = Vector3(0.999972, 0.999981, 0.999961)
bones/11/position = Vector3(0.000322342, 23.0458, 0.00014925)
bones/11/rotation = Quaternion(0.0835972, -0.0225103, 0.112557, 0.989867)
bones/11/scale = Vector3(0.999994, 1, 0.999994)
bones/12/position = Vector3(0, 19.3499, 3.93391e-05)
bones/12/rotation = Quaternion(-0.0468355, -0.111581, 0.486207, 0.865424)
bones/12/scale = Vector3(0.999984, 0.999991, 0.999987)
bones/13/position = Vector3(-8.39885, 14.2219, 0.000277519)
bones/13/rotation = Quaternion(0.0634025, -0.0422844, 0.820019, 0.56724)
bones/13/scale = Vector3(1.00001, 0.999999, 0.999999)
bones/14/position = Vector3(-0.00062561, 12.4111, 6.38962e-05)
bones/14/rotation = Quaternion(0.0682275, -0.0585593, -0.160001, 0.983013)
bones/14/scale = Vector3(0.999981, 0.999989, 0.999967)
bones/15/position = Vector3(-0.000400543, 24.2398, 3.43323e-05)
bones/15/rotation = Quaternion(-0.437177, 0.723591, 0.233901, -0.480191)
bones/15/scale = Vector3(1, 1.00001, 0.999938)
bones/16/position = Vector3(-0.303003, 7.045, -6.96813)
bones/16/rotation = Quaternion(0.0350935, 0.0411241, 0.986657, 0.153575)
bones/16/scale = Vector3(1.00002, 1.00002, 1)
bones/17/position = Vector3(2.86102e-05, 18.9442, 0.000447273)
bones/17/rotation = Quaternion(0.0702219, -0.0847064, -0.398536, 0.910529)
bones/17/scale = Vector3(0.999969, 0.999978, 0.999974)
bones/18/position = Vector3(0.00038147, 17.9423, 5.72205e-06)
bones/18/rotation = Quaternion(0.118979, -0.0366855, 0.390678, 0.912069)
bones/18/scale = Vector3(0.999988, 0.999988, 0.999978)
bones/19/position = Vector3(-0.000488281, 15.7793, 6.38962e-05)
bones/19/rotation = Quaternion(-0.00494563, -0.0560036, 0.533835, 0.843718)
bones/19/scale = Vector3(0.999971, 0.999976, 0.999964)
bones/20/position = Vector3(-0.302891, 7.0446, 6.96796)
bones/20/rotation = Quaternion(0.0611871, 0.0847065, 0.985861, 0.130996)
bones/20/scale = Vector3(1.00001, 1.00003, 1)
bones/21/position = Vector3(-0.000301361, 18.9438, -0.000418663)
bones/21/rotation = Quaternion(0.110373, -0.160418, -0.378616, 0.904839)
bones/21/scale = Vector3(0.999975, 0.999988, 0.99999)
bones/22/position = Vector3(0.00038147, 17.9425, -6.38962e-05)
bones/22/rotation = Quaternion(0.366584, -0.0950814, 0.332888, 0.863575)
bones/22/scale = Vector3(0.999963, 0.99992, 0.99991)
bones/23/position = Vector3(-0.000419617, 15.7792, 0.000134468)
bones/23/rotation = Quaternion(-0.00949121, -0.0328056, 0.536581, 0.843158)
bones/23/scale = Vector3(0.999978, 0.999971, 0.999958)
modification_stack = SubResource( "SkeletonModificationStack3D_wpwf5" )

[node name="Hips" type="BoneAttachment3D" parent="Fox/Fox/root/Skeleton3D" index="1"]
transform = Transform3D(0.0136596, -0.0263607, -0.999505, 0.60538, 0.79579, -0.0127169, 0.795786, -0.604939, 0.0268314, 2.91655, 36.3945, -35.0144)
bone_name = "b_Hip_01"
bone_idx = 2

[node name="MeshInstance3D" type="MeshInstance3D" parent="Fox/Fox/root/Skeleton3D/Hips"]
mesh = SubResource( "CylinderMesh_vodsq" )
surface_material_override/0 = SubResource( "StandardMaterial3D_283bm" )

[node name="LeftHand" type="BoneAttachment3D" parent="Fox/Fox/root/Skeleton3D" index="2"]
transform = Transform3D(-0.335278, -0.0413328, -0.941047, -0.941983, 0.0209189, 0.334689, 0.00586013, 0.998845, -0.0459362, -3.75155, 19.5628, 26.3377)
bone_name = "b_LeftHand_011"
bone_idx = 12

[node name="MeshInstance3D" type="MeshInstance3D" parent="Fox/Fox/root/Skeleton3D/LeftHand"]
mesh = SubResource( "CylinderMesh_vodsq" )
surface_material_override/0 = SubResource( "StandardMaterial3D_283bm" )

[node name="RightHand" type="BoneAttachment3D" parent="Fox/Fox/root/Skeleton3D" index="3"]
transform = Transform3D(-0.343835, -0.0682378, -0.936382, -0.938672, 0.00239176, 0.344497, -0.0212652, 0.997573, -0.0648691, -16.3606, 18.1995, 23.6141)
bone_name = "b_RightHand_08"
bone_idx = 9

[node name="MeshInstance3D" type="MeshInstance3D" parent="Fox/Fox/root/Skeleton3D/RightHand"]
mesh = SubResource( "CylinderMesh_vodsq" )
surface_material_override/0 = SubResource( "StandardMaterial3D_283bm" )

[node name="LeftFoot" type="BoneAttachment3D" parent="Fox/Fox/root/Skeleton3D" index="4"]
transform = Transform3D(-0.534063, 0.311668, -0.785733, -0.845338, -0.195102, 0.497161, 0.00163926, 0.929858, 0.367706, -1.83341, -4.88013, -35.0551)
bone_name = "b_LeftFoot02_018"
bone_idx = 19

[node name="MeshInstance3D" type="MeshInstance3D" parent="Fox/Fox/root/Skeleton3D/LeftFoot"]
mesh = SubResource( "CylinderMesh_vodsq" )
surface_material_override/0 = SubResource( "StandardMaterial3D_283bm" )

[node name="RightFoot" type="BoneAttachment3D" parent="Fox/Fox/root/Skeleton3D" index="5"]
transform = Transform3D(-0.891903, 0.401361, -0.207671, -0.354143, -0.335306, 0.87284, 0.280711, 0.852198, 0.441253, -26.3096, 2.52379, -28.2312)
bone_name = "b_RightFoot02_022"
bone_idx = 23

[node name="MeshInstance3D" type="MeshInstance3D" parent="Fox/Fox/root/Skeleton3D/RightFoot"]
mesh = SubResource( "CylinderMesh_vodsq" )
surface_material_override/0 = SubResource( "StandardMaterial3D_283bm" )

[node name="Head" type="BoneAttachment3D" parent="Fox/Fox/root/Skeleton3D" index="6"]
transform = Transform3D(-0.135676, 0.158731, -0.977827, -0.989123, 0.0330469, 0.142608, 0.0549308, 0.986684, 0.152561, -1.97178, 72.1156, 19.8394)
bone_name = "b_Head_05"
bone_idx = 6

[node name="MeshInstance3D" type="MeshInstance3D" parent="Fox/Fox/root/Skeleton3D/Head"]
mesh = SubResource( "CylinderMesh_vodsq" )
surface_material_override/0 = SubResource( "StandardMaterial3D_283bm" )

[node name="Hips" type="BoneAttachment3D" parent="."]
transform = Transform3D(0.0471921, 0.0254394, -0.998371, 0.385011, 0.921803, 0.041683, 0.921526, -0.386368, 0.0337093, 0.709499, 43.4786, -25.834)
bone_name = "b_Hip_01"
bone_idx = 2

[node name="MeshInstance3D" type="MeshInstance3D" parent="Hips"]
mesh = SubResource( "CylinderMesh_vodsq" )
surface_material_override/0 = SubResource( "StandardMaterial3D_283bm" )

[node name="LeftHand" type="BoneAttachment3D" parent="."]
transform = Transform3D(-0.0199383, -0.954245, -0.297251, -0.592103, 0.250797, -0.765373, 0.805107, 0.160824, -0.570192, 7.57273, 5.76681, 16.0972)
bone_name = "b_LeftHand_011"
bone_idx = 12

[node name="MeshInstance3D" type="MeshInstance3D" parent="LeftHand"]
mesh = SubResource( "CylinderMesh_vodsq" )
surface_material_override/0 = SubResource( "StandardMaterial3D_283bm" )

[node name="RightHand" type="BoneAttachment3D" parent="."]
transform = Transform3D(-0.087288, -0.97667, -0.194592, -0.601718, 0.20738, -0.77094, 0.793428, 0.0498555, -0.605941, -6.34147, 5.3107, 15.7053)
bone_name = "b_RightHand_08"
bone_idx = 9

[node name="MeshInstance3D" type="MeshInstance3D" parent="RightHand"]
mesh = SubResource( "CylinderMesh_vodsq" )
surface_material_override/0 = SubResource( "StandardMaterial3D_283bm" )

[node name="LeftFoot" type="BoneAttachment3D" parent="."]
transform = Transform3D(-0.811922, -0.567118, 0.136899, -0.583387, 0.79251, -0.176846, -0.00818253, -0.223486, -0.974447, 1.79203, 5.67261, -41.0094)
bone_name = "b_LeftFoot02_018"
bone_idx = 19

[node name="MeshInstance3D" type="MeshInstance3D" parent="LeftFoot"]
mesh = SubResource( "CylinderMesh_vodsq" )
surface_material_override/0 = SubResource( "StandardMaterial3D_283bm" )

[node name="RightFoot" type="BoneAttachment3D" parent="."]
transform = Transform3D(-0.899604, -0.390708, 0.193715, -0.388078, 0.919848, 0.0531087, -0.198967, -0.0273746, -0.979337, -14.748, 10.1031, -45.9457)
bone_name = "b_RightFoot02_022"
bone_idx = 23

[node name="MeshInstance3D" type="MeshInstance3D" parent="RightFoot"]
mesh = SubResource( "CylinderMesh_vodsq" )
surface_material_override/0 = SubResource( "StandardMaterial3D_283bm" )

[node name="Head" type="BoneAttachment3D" parent="."]
transform = Transform3D(0.993228, -0.0588407, 0.0968311, 0.0838928, 0.956108, -0.279577, -0.0761465, 0.28594, 0.954834, -4.72178, 62.7164, 30.6495)
bone_name = "b_Head_05"
bone_idx = 6

[node name="MeshInstance3D" type="MeshInstance3D" parent="Head"]
mesh = SubResource( "CylinderMesh_vodsq" )
surface_material_override/0 = SubResource( "StandardMaterial3D_283bm" )

[editable path="Fox"]
