[gd_scene load_steps=7 format=3 uid="uid://qq5cf34hndch"]

[ext_resource type="PackedScene" uid="uid://daav1dqydvgob" path="res://ewbik_samples/art/Fox.glb" id="1_cy4mh"]

[sub_resource type="SphereMesh" id="SphereMesh_hhrio"]
radius = 5.0
height = 10.0

[sub_resource type="StandardMaterial3D" id="StandardMaterial3D_283bm"]
albedo_color = Color(0.764706, 0.690196, 0.192157, 1)

[sub_resource type="SkeletonModification3DEWBIK" id="SkeletonModification3DEWBIK_l8a6t"]
execution_mode = 1
root_bone = "b_Root_00"
ik_iterations = 50
pin_count = 7
pins/0/name = "b_Hip_01"
pins/0/target_node = NodePath("../../../Hips")
pins/0/use_node_rotation = true
pins/0/depth_falloff = 1.0
pins/0/remove = false
pins/1/name = "b_LeftHand_011"
pins/1/target_node = NodePath("../../../LeftHand")
pins/1/use_node_rotation = false
pins/1/depth_falloff = 1.0
pins/1/remove = false
pins/2/name = "b_RightHand_08"
pins/2/target_node = NodePath("../../../RightHand")
pins/2/use_node_rotation = false
pins/2/depth_falloff = 1.0
pins/2/remove = false
pins/3/name = "b_RightFoot02_022"
pins/3/target_node = NodePath("../../../RightFoot")
pins/3/use_node_rotation = true
pins/3/depth_falloff = 1.0
pins/3/remove = false
pins/4/name = "b_LeftFoot02_018"
pins/4/target_node = NodePath("../../../LeftFoot")
pins/4/use_node_rotation = true
pins/4/depth_falloff = 1.0
pins/4/remove = false
pins/5/name = "b_Head_05"
pins/5/target_node = NodePath("../../../Head")
pins/5/use_node_rotation = true
pins/5/depth_falloff = 1.0
pins/5/remove = false
pins/6/name = "_rootJoint"
pins/6/target_node = NodePath("../../../Root")
pins/6/use_node_rotation = true
pins/6/depth_falloff = 1.0
pins/6/remove = false

[sub_resource type="SkeletonModificationStack3D" id="SkeletonModificationStack3D_dt0nx"]
enabled = true
modification_count = 1
modifications/0 = SubResource( "SkeletonModification3DEWBIK_l8a6t" )

[sub_resource type="SphereMesh" id="SphereMesh_sgql3"]
radius = 5.0
height = 10.0

[node name="Node3D" type="Node3D"]

[node name="Hips" type="Position3D" parent="."]
transform = Transform3D(-1.19209e-07, -1.01328e-06, -1, 0.934782, 0.355222, -4.76834e-07, 0.355222, -0.934782, 9.23874e-07, 0, 42.9381, -26.7486)

[node name="MeshInstance3D" type="MeshInstance3D" parent="Hips"]
mesh = SubResource( "SphereMesh_hhrio" )
surface_material_override/0 = SubResource( "StandardMaterial3D_283bm" )

[node name="LeftHand" type="Position3D" parent="."]
transform = Transform3D(0.00773039, -0.0427677, -0.999055, -0.543593, 0.838391, -0.0400961, 0.839313, 0.543389, -0.0167671, 6.94305, 6.69459, 17.8388)

[node name="MeshInstance3D" type="MeshInstance3D" parent="LeftHand"]
mesh = SubResource( "SphereMesh_hhrio" )
surface_material_override/0 = SubResource( "StandardMaterial3D_283bm" )

[node name="RightHand" type="Position3D" parent="."]
transform = Transform3D(-0.00388387, 0.0278754, -0.999604, -0.543162, 0.83924, 0.0255138, 0.839619, 0.543045, 0.0118814, -6.96752, 6.69463, 17.8278)

[node name="MeshInstance3D" type="MeshInstance3D" parent="RightHand"]
mesh = SubResource( "SphereMesh_hhrio" )
surface_material_override/0 = SubResource( "StandardMaterial3D_283bm" )

[node name="LeftFoot" type="Position3D" parent="."]
transform = Transform3D(-0.000151539, 2.03588e-05, -1, -0.0858317, 0.99631, 3.3285e-05, 0.99631, 0.0858317, -0.000149213, 6.96534, 0.992588, -32.8905)

[node name="MeshInstance3D" type="MeshInstance3D" parent="LeftFoot"]
mesh = SubResource( "SphereMesh_hhrio" )
surface_material_override/0 = SubResource( "StandardMaterial3D_283bm" )

[node name="RightFoot" type="Position3D" parent="."]
transform = Transform3D(0.000307241, -1.97405e-05, -1, -0.0866506, 0.996239, -4.62943e-05, 0.996238, 0.0866505, 0.000304394, -15.0162, 0.984621, -32.8871)

[node name="MeshInstance3D" type="MeshInstance3D" parent="RightFoot"]
mesh = SubResource( "SphereMesh_hhrio" )
surface_material_override/0 = SubResource( "StandardMaterial3D_283bm" )

[node name="Head" type="Position3D" parent="."]
transform = Transform3D(9.87941e-07, -2.5479e-07, -1, -0.225894, 0.974152, -4.76834e-07, 0.974152, 0.225894, 9.23874e-07, 4.85332e-05, 60.7255, 36.1545)

[node name="MeshInstance3D" type="MeshInstance3D" parent="Head"]
mesh = SubResource( "SphereMesh_hhrio" )
surface_material_override/0 = SubResource( "StandardMaterial3D_283bm" )

[node name="Root" type="Position3D" parent="."]
transform = Transform3D(1, 0, 0, 0, -3.69549e-06, 1, 0, -1, -3.69549e-06, 0, 0, 0)

[node name="MeshInstance3D" type="MeshInstance3D" parent="Root"]
mesh = SubResource( "SphereMesh_hhrio" )
surface_material_override/0 = SubResource( "StandardMaterial3D_283bm" )

[node name="Fox" parent="." instance=ExtResource( "1_cy4mh" )]

[node name="Skeleton3D" parent="Fox/root" index="0"]
bones/1/rotation = Quaternion(-0.795056, -0.0906219, 0.0814155, 0.594176)
bones/1/scale = Vector3(1.00001, 1.00003, 1.00001)
bones/2/position = Vector3(-2.55704e-05, 26.7525, 42.9448)
bones/2/rotation = Quaternion(0.205266, -0.679279, -0.147653, 0.688945)
bones/2/scale = Vector3(1.00016, 1.00016, 1.00018)
bones/3/position = Vector3(12.8512, -0.000110626, 1.74046e-05)
bones/3/rotation = Quaternion(-0.0301538, 0.0311636, -0.585984, 0.809161)
bones/3/scale = Vector3(1.00002, 1, 1)
bones/4/position = Vector3(21.655, -0.000915527, -7.89165e-05)
bones/4/rotation = Quaternion(-0.0613831, 0.00534164, 0.0193743, 0.997912)
bones/4/scale = Vector3(1.00001, 0.999955, 0.999948)
bones/5/position = Vector3(25.6489, -0.000591278, -2.14577e-05)
bones/5/rotation = Quaternion(0.134337, 0.107198, 0.177392, 0.969017)
bones/5/scale = Vector3(0.999975, 0.99998, 0.999981)
bones/6/position = Vector3(13.3771, -0.000225067, 0.000115871)
bones/6/rotation = Quaternion(-0.416311, -0.0562692, -0.374655, 0.82653)
bones/6/scale = Vector3(1, 1.00003, 1.00002)
bones/7/position = Vector3(18.6774, -4.29766, 6.96757)
bones/7/rotation = Quaternion(-0.335497, -0.0336174, -0.579628, 0.741851)
bones/7/scale = Vector3(0.999982, 0.999903, 0.999932)
bones/8/position = Vector3(23.0464, -9.15527e-05, 0)
bones/8/rotation = Quaternion(-0.238085, 0.0293587, 0.26393, 0.934235)
bones/8/scale = Vector3(1.00001, 1.00004, 1)
bones/9/position = Vector3(19.3516, -0.145758, -6.86646e-05)
bones/9/rotation = Quaternion(0.162699, -0.0872593, 0.339975, 0.922134)
bones/9/scale = Vector3(1.00004, 0.999977, 1.00001)
bones/10/position = Vector3(18.6776, -4.29778, -6.968)
bones/10/rotation = Quaternion(-0.381174, -0.0552014, -0.542827, 0.746323)
bones/10/scale = Vector3(0.999976, 0.999908, 0.999942)
bones/11/position = Vector3(23.0467, -5.34058e-05, 1.90735e-05)
bones/11/rotation = Quaternion(-0.198937, -0.0466145, 0.33084, 0.921301)
bones/11/scale = Vector3(1.00007, 1.00008, 1.00001)
bones/12/position = Vector3(19.3515, -0.146083, -0.000144958)
bones/12/rotation = Quaternion(0.0468908, -0.142401, 0.335367, 0.930082)
bones/12/scale = Vector3(1.00005, 0.999985, 1.00005)
bones/13/position = Vector3(4.26053, 15.959, 5.8651e-05)
bones/13/rotation = Quaternion(-0.537187, 0.28929, 0.773006, -0.173788)
bones/13/scale = Vector3(1.00003, 1.00002, 0.999998)
bones/14/position = Vector3(12.4119, 0.000377655, 8.7738e-05)
bones/14/rotation = Quaternion(0.209137, 0.164081, 0.231408, 0.935836)
bones/14/scale = Vector3(0.999963, 0.999965, 0.99995)
bones/15/position = Vector3(24.24, -0.000297546, -6.67572e-06)
bones/15/rotation = Quaternion(0.167723, 0.204313, 0.0689951, 0.961959)
bones/15/scale = Vector3(0.999959, 0.99996, 0.999967)
bones/16/position = Vector3(4.81406, 5.15416, -6.96817)
bones/16/rotation = Quaternion(0.388303, 0.812357, -0.318962, 0.295907)
bones/16/scale = Vector3(1.00003, 1.00005, 1.00001)
bones/17/position = Vector3(18.9434, 3.8147e-05, -4.19617e-05)
bones/17/rotation = Quaternion(-0.488609, 0.609519, 0.173959, 0.599572)
bones/17/scale = Vector3(0.999941, 0.99992, 0.999951)
bones/18/position = Vector3(17.943, 4.48227e-05, 9.15527e-05)
bones/18/rotation = Quaternion(0.489126, 0.459402, 0.693242, 0.262908)
bones/18/scale = Vector3(1, 0.99999, 0.999991)
bones/19/position = Vector3(15.7798, 0.000190735, -1.52588e-05)
bones/19/rotation = Quaternion(0.725123, 0.235739, 0.520298, 0.384595)
bones/19/scale = Vector3(0.999969, 0.999978, 0.999977)
bones/20/position = Vector3(4.81397, 5.15422, 6.96776)
bones/20/rotation = Quaternion(-0.509531, 0.636173, -0.190492, 0.547151)
bones/20/scale = Vector3(1.00001, 1.00001, 0.999983)
bones/21/position = Vector3(18.9451, -0.000246048, 4.19617e-05)
bones/21/rotation = Quaternion(-0.346021, -0.351266, -0.246987, 0.834194)
bones/21/scale = Vector3(0.999986, 0.999963, 0.999961)
bones/22/position = Vector3(17.9429, -0.000452042, 0.000160217)
bones/22/rotation = Quaternion(-0.0743141, 0.324738, 0.803193, 0.493867)
bones/22/scale = Vector3(0.999975, 1.00002, 0.999966)
bones/23/position = Vector3(15.7798, -2.09808e-05, 9.72748e-05)
bones/23/rotation = Quaternion(0.315855, 0.00729211, 0.709374, 0.630056)
bones/23/scale = Vector3(0.999951, 0.999987, 0.999953)
modification_stack = SubResource( "SkeletonModificationStack3D_dt0nx" )

[node name="Hips2" type="BoneAttachment3D" parent="Fox/root/Skeleton3D" index="1"]
transform = Transform3D(-0.197901, -0.146552, -0.969398, 0.956209, 0.189474, -0.22386, 0.216458, -0.971079, 0.102624, -8.91779, 32.5176, -37.7243)
bone_name = "b_Hip_01"
bone_idx = 2

[node name="MeshInstance3D" type="MeshInstance3D" parent="Fox/root/Skeleton3D/Hips2"]
mesh = SubResource( "SphereMesh_sgql3" )

[node name="Hips" type="BoneAttachment3D" parent="Fox/root/Skeleton3D" index="2"]
transform = Transform3D(-0.197901, -0.146552, -0.969398, 0.956209, 0.189474, -0.22386, 0.216458, -0.971079, 0.102624, -8.91779, 32.5176, -37.7243)
bone_name = "b_Hip_01"
bone_idx = 2

[node name="MeshInstance3D" type="MeshInstance3D" parent="Fox/root/Skeleton3D/Hips"]
mesh = SubResource( "SphereMesh_sgql3" )

[node name="LeftHand" type="BoneAttachment3D" parent="Fox/root/Skeleton3D" index="3"]
transform = Transform3D(0.521817, 0.683193, -0.511153, 0.155403, 0.513052, 0.844351, 0.839059, -0.519985, 0.161515, -9.25256, 22.139, 35.4963)
bone_name = "b_LeftHand_011"
bone_idx = 12

[node name="MeshInstance3D" type="MeshInstance3D" parent="Fox/root/Skeleton3D/LeftHand"]
mesh = SubResource( "SphereMesh_sgql3" )

[node name="RightHand" type="BoneAttachment3D" parent="Fox/root/Skeleton3D" index="4"]
transform = Transform3D(0.497231, 0.517015, -0.696904, -0.10737, 0.833694, 0.541866, 0.861146, -0.194609, 0.470032, -21.8526, 15.3355, 32.2084)
bone_name = "b_RightHand_08"
bone_idx = 9

[node name="MeshInstance3D" type="MeshInstance3D" parent="Fox/root/Skeleton3D/RightHand"]
mesh = SubResource( "SphereMesh_sgql3" )

[node name="LeftFoot" type="BoneAttachment3D" parent="Fox/root/Skeleton3D" index="5"]
transform = Transform3D(-0.0917497, -0.909315, -0.406123, 0.306213, -0.413877, 0.857447, -0.947659, -0.045651, 0.316374, -3.87141, 38.5812, -65.9699)
bone_name = "b_LeftFoot02_018"
bone_idx = 19

[node name="MeshInstance3D" type="MeshInstance3D" parent="Fox/root/Skeleton3D/LeftFoot"]
mesh = SubResource( "SphereMesh_sgql3" )

[node name="RightFoot" type="BoneAttachment3D" parent="Fox/root/Skeleton3D" index="6"]
transform = Transform3D(0.0869027, 0.160756, 0.983251, -0.267106, 0.954629, -0.132438, -0.959878, -0.251054, 0.12591, 4.14966, 37.9875, -12.3022)
bone_name = "b_RightFoot02_022"
bone_idx = 23

[node name="MeshInstance3D" type="MeshInstance3D" parent="Fox/root/Skeleton3D/RightFoot"]
mesh = SubResource( "SphereMesh_sgql3" )

[node name="Head" type="BoneAttachment3D" parent="Fox/root/Skeleton3D" index="7"]
transform = Transform3D(0.00829801, 0.609118, -0.793208, -0.187569, 0.780117, 0.597082, 0.982417, 0.143851, 0.120732, -3.73055, 58.4429, 22.6655)
bone_name = "b_Head_05"
bone_idx = 6

[node name="MeshInstance3D" type="MeshInstance3D" parent="Fox/root/Skeleton3D/Head"]
mesh = SubResource( "SphereMesh_sgql3" )

[editable path="Fox"]
