[gd_scene load_steps=4 format=3 uid="uid://bmueapwa1c4o1"]

[ext_resource type="PackedScene" uid="uid://c7cddg60ptw4l" path="res://ewbik_samples/art/Fox_corrected_bone_directions.glb" id="1_cy4mh"]

[sub_resource type="SkeletonModification3DEWBIK" id="SkeletonModification3DEWBIK_arbsc"]
max_ik_iterations = 10.0
budget_millisecond = 1.0
root_bone = "_rootJoint"
pin_count = 7
pins/0/name = "b_LeftHand_011"
pins/0/target_node = NodePath("../../../../b_LeftHand_011")
pins/0/use_node_rotation = true
pins/0/depth_falloff = 1.0
pins/1/name = "b_RightHand_08"
pins/1/target_node = NodePath("../../../../b_RightHand_08")
pins/1/use_node_rotation = true
pins/1/depth_falloff = 1.0
pins/2/name = "b_LeftFoot02_018"
pins/2/target_node = NodePath("../../../../b_LeftFoot02_018")
pins/2/use_node_rotation = true
pins/2/depth_falloff = 1.0
pins/3/name = "b_RightFoot02_022"
pins/3/target_node = NodePath("../../../../b_RightFoot02_022")
pins/3/use_node_rotation = true
pins/3/depth_falloff = 1.0
pins/4/name = "b_Head_05"
pins/4/target_node = NodePath("../../../../b_Head_05")
pins/4/use_node_rotation = true
pins/4/depth_falloff = 1.0
pins/5/name = "b_Hip_01"
pins/5/target_node = NodePath("../../../../b_Hip_01")
pins/5/use_node_rotation = true
pins/5/depth_falloff = 1.0
pins/6/name = "_rootjoint"
pins/6/target_node = NodePath("../../../../_rootjoint")
pins/6/use_node_rotation = true
pins/6/depth_falloff = 1.0

[sub_resource type="SkeletonModificationStack3D" id="SkeletonModificationStack3D_wpwf5"]
enabled = true
modification_count = 1
modifications/0 = SubResource( "SkeletonModification3DEWBIK_arbsc" )

[node name="Node3D" type="Node3D"]

[node name="Fox" parent="." instance=ExtResource( "1_cy4mh" )]

[node name="Skeleton3D" parent="Fox/Fox/root" index="0"]
bones/1/rotation = Quaternion(-0.281565, 0.000718889, -0.000185539, 0.959542)
bones/1/scale = Vector3(1, 0.999999, 1)
bones/2/position = Vector3(7.22706e-07, 50.5903, -0.000270844)
bones/2/rotation = Quaternion(0.124988, -0.696548, -0.128575, 0.694743)
bones/2/scale = Vector3(1.00008, 1.00008, 1.00002)
bones/3/position = Vector3(9.00575, 9.16689, 6.04391e-05)
bones/3/rotation = Quaternion(-0.000587208, 0.000641334, -0.814193, 0.580594)
bones/3/scale = Vector3(1, 0.999994, 1.00001)
bones/4/position = Vector3(-0.000205994, 21.6556, 7.30157e-07)
bones/4/rotation = Quaternion(-0.000953146, 0.00192962, 0.0583162, 0.998296)
bones/4/scale = Vector3(0.999994, 0.999984, 1)
bones/5/position = Vector3(-3.4665, 25.4137, 0.000190224)
bones/5/rotation = Quaternion(0.000184988, 6.8637e-05, 0.254524, 0.967066)
bones/5/scale = Vector3(0.999958, 0.99998, 0.999978)
bones/6/position = Vector3(-1.52588e-05, 13.3773, 1.17347e-07)
bones/6/rotation = Quaternion(4.51466e-05, 0.000137151, -0.360555, 0.932738)
bones/6/scale = Vector3(1, 1, 0.999998)
bones/7/position = Vector3(1.73352, 19.0872, 6.96775)
bones/7/rotation = Quaternion(0.000125808, 0.00073368, -0.703276, 0.710916)
bones/7/scale = Vector3(0.999997, 0.999978, 0.999981)
bones/8/position = Vector3(-5.72205e-06, 23.0452, 1.00136e-05)
bones/8/rotation = Quaternion(0.000212513, -0.000115613, -0.0662021, 0.997806)
bones/8/scale = Vector3(0.999975, 0.999977, 0.999998)
bones/9/position = Vector3(1.90735e-05, 19.3508, -3.8147e-06)
bones/9/rotation = Quaternion(0.00896058, -0.0109798, 0.529248, 0.848349)
bones/9/scale = Vector3(1.00002, 1.00002, 1.00001)
bones/10/position = Vector3(1.73347, 19.0874, -6.96794)
bones/10/rotation = Quaternion(0.000593707, 0.000779929, -0.702648, 0.711537)
bones/10/scale = Vector3(0.999987, 0.999968, 0.999982)
bones/11/position = Vector3(-5.53131e-05, 23.0454, -1.09673e-05)
bones/11/rotation = Quaternion(0.000263389, -0.000121996, -0.0677208, 0.997704)
bones/11/scale = Vector3(0.999975, 0.99998, 1.00002)
bones/12/position = Vector3(-4.3869e-05, 19.3509, 7.62939e-06)
bones/12/rotation = Quaternion(-0.0153365, 0.0155599, 0.529427, 0.848074)
bones/12/scale = Vector3(1, 1.00001, 1)
bones/13/position = Vector3(-8.39886, 14.223, 0.000207901)
bones/13/rotation = Quaternion(5.29342e-06, -3.57051e-06, 0.837102, 0.547047)
bones/13/scale = Vector3(1, 0.999991, 1)
bones/14/position = Vector3(-3.8147e-05, 12.4121, 1.19209e-07)
bones/14/rotation = Quaternion(-5.84201e-09, 5.00622e-08, -0.0696186, 0.997574)
bones/14/scale = Vector3(1.00001, 1.00001, 1.00001)
bones/15/position = Vector3(-9.91821e-05, 24.2402, 8.9407e-08)
bones/15/rotation = Quaternion(-7.54699e-09, 2.43653e-08, -0.0538338, 0.99855)
bones/15/scale = Vector3(0.999987, 0.999983, 0.999995)
bones/16/position = Vector3(-0.303247, 7.04588, -6.96801)
bones/16/rotation = Quaternion(-0.010669, -0.0315163, 0.988307, 0.148803)
bones/16/scale = Vector3(0.999995, 0.999995, 1.00002)
bones/17/position = Vector3(3.05176e-05, 18.9439, 3.24249e-05)
bones/17/rotation = Quaternion(-0.0480857, 0.0105282, -0.234089, 0.970968)
bones/17/scale = Vector3(0.999963, 0.999964, 0.999965)
bones/18/position = Vector3(-3.05176e-05, 17.9427, 2.00272e-05)
bones/18/rotation = Quaternion(-0.0168418, -0.0150046, 0.442798, 0.896338)
bones/18/scale = Vector3(0.999979, 0.999988, 0.999989)
bones/19/position = Vector3(-9.91821e-05, 15.7801, 6.19888e-05)
bones/19/rotation = Quaternion(0.0368909, -0.0853392, 0.53152, 0.841928)
bones/19/scale = Vector3(1, 0.999999, 1)
bones/20/position = Vector3(-0.303156, 7.04569, 6.96774)
bones/20/rotation = Quaternion(-0.000116502, -0.000204045, 0.990478, 0.137672)
bones/20/scale = Vector3(0.99999, 0.999991, 1)
bones/21/position = Vector3(-5.72205e-05, 18.9441, -6.67572e-06)
bones/21/rotation = Quaternion(-0.000856654, 0.000333806, -0.238899, 0.971044)
bones/21/scale = Vector3(0.999982, 0.999987, 0.999995)
bones/22/position = Vector3(0.000102997, 17.9431, 9.53674e-06)
bones/22/rotation = Quaternion(-0.00300615, -0.00164759, 0.47789, 0.878413)
bones/22/scale = Vector3(1.00001, 1.00004, 1.00003)
bones/23/position = Vector3(9.53674e-06, 15.7797, 1.85966e-05)
bones/23/rotation = Quaternion(0.000298833, -0.00191953, 0.495113, 0.868826)
bones/23/scale = Vector3(0.999989, 0.99998, 0.999988)
modification_stack = SubResource( "SkeletonModificationStack3D_wpwf5" )

[node name="b_LeftHand_011" type="BoneAttachment3D" parent="Fox/Fox/root/Skeleton3D" index="1"]
transform = Transform3D(0.04271, 0.00804855, -0.999084, -0.834275, -0.549939, -0.0400949, -0.549739, 0.835197, -0.0167723, 6.94329, 6.7191, 17.8421)
bone_name = "b_LeftHand_011"
bone_idx = 12
use_external_skeleton = true
external_skeleton = NodePath("..")

[node name="b_RightHand_08" type="BoneAttachment3D" parent="Fox/Fox/root/Skeleton3D" index="2"]
transform = Transform3D(-0.027847, -0.00409684, -0.99962, -0.835148, -0.549521, 0.0255166, -0.549408, 0.835527, 0.0118811, -6.96732, 6.72255, 17.831)
bone_name = "b_RightHand_08"
bone_idx = 9
use_external_skeleton = true
external_skeleton = NodePath("..")

[node name="b_LeftFoot02_018" type="BoneAttachment3D" parent="Fox/Fox/root/Skeleton3D" index="3"]
transform = Transform3D(-2.84165e-05, -0.000164432, -0.999994, -0.996343, -0.0857931, 3.77744e-05, -0.0857871, 0.996329, -0.000163969, 13.4299, 0.995906, -34.6144)
bone_name = "b_LeftFoot02_018"
bone_idx = 19
use_external_skeleton = true
external_skeleton = NodePath("..")

[node name="b_RightFoot02_022" type="BoneAttachment3D" parent="Fox/Fox/root/Skeleton3D" index="4"]
transform = Transform3D(1.92451e-05, 0.000309501, -1.00004, -0.996317, -0.0866219, -4.64185e-05, -0.0866008, 0.996286, 0.000306718, -6.96535, 0.987718, -32.8892)
bone_name = "b_RightFoot02_022"
bone_idx = 23
use_external_skeleton = true
external_skeleton = NodePath("..")

[node name="b_Head_05" type="BoneAttachment3D" parent="Fox/Fox/root/Skeleton3D" index="5"]
transform = Transform3D(-1.26933e-06, 5.93813e-06, -1, -0.974186, -0.22592, -5.84143e-07, -0.225938, 0.974178, 6.42137e-06, -0.000246443, 60.6601, 38.163)
bone_name = "b_Head_05"
bone_idx = 6
use_external_skeleton = true
external_skeleton = NodePath("..")

[node name="b_Hip_01" type="BoneAttachment3D" parent="Fox/Fox/root/Skeleton3D" index="6"]
transform = Transform3D(-0.00201499, 0.00501207, -1, 0.208784, 0.978032, 0.00448071, 0.978039, -0.208773, -0.00301674, -0.00246665, 42.5687, -27.3366)
bone_name = "b_Hip_01"
bone_idx = 2
use_external_skeleton = true
external_skeleton = NodePath("..")

[node name="_rootjoint" type="BoneAttachment3D" parent="Fox/Fox/root/Skeleton3D" index="7"]
bone_name = "_rootJoint"
bone_idx = 0
use_external_skeleton = true
external_skeleton = NodePath("..")

[node name="b_LeftHand_011" type="BoneAttachment3D" parent="."]
transform = Transform3D(0.0427154, 0.00805, -0.999221, -0.834392, -0.550022, -0.0401027, -0.549802, 0.835323, -0.0167754, 6.94327, 6.69155, 17.8388)
bone_name = "b_LeftHand_011"
bone_idx = 12
use_external_skeleton = true
external_skeleton = NodePath("..")

[node name="b_RightHand_08" type="BoneAttachment3D" parent="."]
transform = Transform3D(-0.0278457, -0.00409623, -0.999622, -0.835139, -0.549515, 0.0255163, -0.54941, 0.835546, 0.011881, -6.96732, 6.69442, 17.8276)
bone_name = "b_RightHand_08"
bone_idx = 9
use_external_skeleton = true
external_skeleton = NodePath("..")

[node name="b_LeftFoot02_018" type="BoneAttachment3D" parent="."]
transform = Transform3D(-2.2874e-05, -0.00015122, -0.999999, -0.996369, -0.0858122, 3.57216e-05, -0.0858224, 0.996379, -0.000148765, 13.4305, 0.99156, -34.6126)
bone_name = "b_LeftFoot02_018"
bone_idx = 19
use_external_skeleton = true
external_skeleton = NodePath("..")

[node name="b_RightFoot02_022" type="BoneAttachment3D" parent="."]
transform = Transform3D(1.83029e-05, 0.000307959, -1, -0.996168, -0.0866249, -4.49496e-05, -0.0866281, 0.996225, 0.000305168, -6.9653, 0.98368, -32.8872)
bone_name = "b_RightFoot02_022"
bone_idx = 23
use_external_skeleton = true
external_skeleton = NodePath("..")

[node name="b_Head_05" type="BoneAttachment3D" parent="."]
transform = Transform3D(-3.01789e-06, 8.72272e-06, -1, -0.974163, -0.225924, 9.37092e-07, -0.225928, 0.97417, 9.11684e-06, -0.000247517, 60.7282, 38.2857)
bone_name = "b_Head_05"
bone_idx = 6
use_external_skeleton = true
external_skeleton = NodePath("..")

[node name="b_Hip_01" type="BoneAttachment3D" parent="."]
transform = Transform3D(-1.14229e-05, 1.06772e-06, -1, 0.401717, 0.915774, -3.64507e-06, 0.915778, -0.401716, -1.09528e-05, -0.000217107, 42.938, -27.5653)
bone_name = "b_Hip_01"
bone_idx = 2
use_external_skeleton = true
external_skeleton = NodePath("..")

[node name="_rootjoint" type="BoneAttachment3D" parent="."]
bone_name = "_rootJoint"
bone_idx = 0
use_external_skeleton = true
external_skeleton = NodePath("..")

[editable path="Fox"]
