[gd_scene load_steps=6 format=3 uid="uid://bmueapwa1c4o1"]

[ext_resource type="PackedScene" uid="uid://c7cddg60ptw4l" path="res://ewbik_samples/art/Fox_corrected_bone_directions.glb" id="1_cy4mh"]

[sub_resource type="SkeletonModification3DEWBIK" id="SkeletonModification3DEWBIK_arbsc"]
root_bone = "_rootJoint"
default_damp = 0.0872665
ik_iterations = 20
pin_count = 8
pins/0/name = "b_Hip_01"
pins/0/target_node = NodePath("../../../../Hips")
pins/0/use_node_rotation = true
pins/0/depth_falloff = 1.0
pins/0/remove = false
pins/1/name = "b_Head_05"
pins/1/target_node = NodePath("../../../../Head")
pins/1/use_node_rotation = true
pins/1/depth_falloff = 1.0
pins/1/remove = false
pins/2/name = "b_LeftFoot02_018"
pins/2/target_node = NodePath("../../../../LeftFoot")
pins/2/use_node_rotation = true
pins/2/depth_falloff = 1.0
pins/2/remove = false
pins/3/name = "b_RightFoot02_022"
pins/3/target_node = NodePath("../../../../RightFoot")
pins/3/use_node_rotation = true
pins/3/depth_falloff = 1.0
pins/3/remove = false
pins/4/name = "b_LeftHand_011"
pins/4/target_node = NodePath("../../../../LeftHand")
pins/4/use_node_rotation = true
pins/4/depth_falloff = 1.0
pins/4/remove = false
pins/5/name = "b_RightHand_08"
pins/5/target_node = NodePath("../../../../RightHand")
pins/5/use_node_rotation = true
pins/5/depth_falloff = 1.0
pins/5/remove = false
pins/6/name = "b_Head_05"
pins/6/target_node = NodePath("../../../../Head")
pins/6/use_node_rotation = true
pins/6/depth_falloff = 1.0
pins/6/remove = false
pins/7/name = "_rootJoint"
pins/7/target_node = NodePath("../../../../Root")
pins/7/use_node_rotation = true
pins/7/depth_falloff = 1.0
pins/7/remove = false

[sub_resource type="SkeletonModificationStack3D" id="SkeletonModificationStack3D_wpwf5"]
enabled = true
modification_count = 1
modifications/0 = SubResource( "SkeletonModification3DEWBIK_arbsc" )

[sub_resource type="CylinderMesh" id="CylinderMesh_vodsq"]
top_radius = 0.0
bottom_radius = 1.0

[sub_resource type="StandardMaterial3D" id="StandardMaterial3D_283bm"]
albedo_color = Color(0.764706, 0.690196, 0.192157, 1)

[node name="Node3D" type="Node3D"]

[node name="Fox" parent="." instance=ExtResource( "1_cy4mh" )]

[node name="Skeleton3D" parent="Fox/Fox/root" index="0"]
bones/0/rotation = Quaternion(0.0238244, 0.385071, -0.602019, 0.699089)
bones/0/scale = Vector3(1, 1, 1)
bones/1/rotation = Quaternion(-0.326987, -0.486124, 0.383922, 0.7137)
bones/1/scale = Vector3(1, 1, 1)
bones/2/position = Vector3(4.29153e-05, 50.5844, -0.000391006)
bones/2/rotation = Quaternion(0.867646, -0.377028, 0.293531, 0.137402)
bones/2/scale = Vector3(1, 1, 1)
bones/3/position = Vector3(9.00972, 9.16588, 0.0010376)
bones/3/rotation = Quaternion(-0.00883101, 0.0720909, -0.399057, 0.914045)
bones/4/position = Vector3(0.00217724, 21.6551, -3.05176e-05)
bones/4/rotation = Quaternion(0.0154678, -0.228394, -0.0658696, 0.971215)
bones/5/position = Vector3(-3.4596, 25.4067, -0.000106812)
bones/5/rotation = Quaternion(0.00348796, -0.0516481, 0.0674803, 0.996377)
bones/6/position = Vector3(-0.00121403, 13.3733, 0.000331879)
bones/6/rotation = Quaternion(0.11199, -0.649759, -0.135451, 0.739543)
bones/7/position = Vector3(1.74043, 19.0794, 6.96812)
bones/7/rotation = Quaternion(0.344114, -0.177187, -0.294102, 0.873896)
bones/7/scale = Vector3(1, 1, 1)
bones/8/position = Vector3(0.00123119, 23.0386, -0.000366211)
bones/8/rotation = Quaternion(0.843856, -0.112931, 0.304601, 0.42705)
bones/8/scale = Vector3(1, 1, 1)
bones/9/position = Vector3(0.000789642, 19.3532, 0.00234699)
bones/9/rotation = Quaternion(-0.768869, 0.20604, 0.241328, 0.555112)
bones/9/scale = Vector3(1, 1, 1)
bones/10/position = Vector3(1.74057, 19.0819, -6.96736)
bones/10/rotation = Quaternion(0.246636, -0.223827, -0.627074, 0.704167)
bones/10/scale = Vector3(1, 1, 1)
bones/11/position = Vector3(0.00320721, 23.039, 0.000522614)
bones/11/rotation = Quaternion(0.633445, 0.0953181, 0.357636, 0.679528)
bones/12/position = Vector3(-0.000933647, 19.3495, 0.00101662)
bones/12/rotation = Quaternion(-0.405163, 0.049944, 0.256103, 0.876219)
bones/13/position = Vector3(-8.39474, 14.2213, 0.00124168)
bones/13/rotation = Quaternion(0.147482, 0.389748, 0.874755, 0.247284)
bones/13/scale = Vector3(1, 1, 1)
bones/14/position = Vector3(-0.0015831, 12.4122, -7.62939e-06)
bones/14/rotation = Quaternion(-0.149452, -0.311547, 0.328045, 0.879198)
bones/14/scale = Vector3(1, 1, 1)
bones/15/position = Vector3(0.000236511, 24.2387, -0.000350952)
bones/15/rotation = Quaternion(0.430405, 0.767917, -0.258602, 0.397718)
bones/15/scale = Vector3(1, 1, 1)
bones/16/position = Vector3(-0.299423, 7.04481, -6.96702)
bones/16/rotation = Quaternion(-0.0737741, 0.539507, 0.765721, -0.342287)
bones/17/position = Vector3(0.000192642, 18.9447, 0.00112343)
bones/17/rotation = Quaternion(0.238131, 0.0572584, 0.0708203, 0.966954)
bones/17/scale = Vector3(1, 1, 1)
bones/18/position = Vector3(-0.000236511, 17.9402, -0.000522137)
bones/18/rotation = Quaternion(0.0716502, 0.871771, 0.161645, -0.456895)
bones/18/scale = Vector3(1, 1, 1)
bones/19/position = Vector3(-0.000608444, 15.7772, 0.000421524)
bones/19/rotation = Quaternion(0.656811, 0.556892, 0.401413, 0.311992)
bones/19/scale = Vector3(1, 1, 1)
bones/20/position = Vector3(-0.299677, 7.04451, 6.96874)
bones/20/rotation = Quaternion(-0.173276, 0.776397, 0.581614, -0.170027)
bones/20/scale = Vector3(1, 1, 1)
bones/21/position = Vector3(-0.000202179, 18.9445, -0.00161982)
bones/21/rotation = Quaternion(-5.92895e-05, 0.033865, -2.28491e-06, 0.999426)
bones/21/scale = Vector3(1, 1, 1)
bones/22/position = Vector3(-0.000228882, 17.9403, 0.000556469)
bones/22/rotation = Quaternion(1.23948e-05, 0.695189, 2.34264e-05, 0.718827)
bones/23/position = Vector3(0.00032711, 15.7785, 4.95911e-05)
bones/23/rotation = Quaternion(-0.392891, -0.480331, 0.461252, 0.634165)
modification_stack = SubResource( "SkeletonModificationStack3D_wpwf5" )

[node name="Hips" type="BoneAttachment3D" parent="Fox/Fox/root/Skeleton3D" index="1"]
transform = Transform3D(0.684624, -0.704683, 0.18631, -0.122916, -0.36356, -0.923426, 0.718458, 0.6093, -0.335518, -0.0314562, 37.5101, -33.9377)
bone_name = "b_Hip_01"
bone_idx = 2

[node name="MeshInstance3D" type="MeshInstance3D" parent="Fox/Fox/root/Skeleton3D/Hips"]
mesh = SubResource( "CylinderMesh_vodsq" )
surface_material_override/0 = SubResource( "StandardMaterial3D_283bm" )

[node name="LeftHand" type="BoneAttachment3D" parent="Fox/Fox/root/Skeleton3D" index="2"]
transform = Transform3D(0.0427088, 0.00805274, -0.999055, -0.834266, -0.549902, -0.0400965, -0.549706, 0.83519, -0.0167675, 6.94304, -0.896012, 17.8388)
bone_name = "b_LeftHand_011"
bone_idx = 12

[node name="MeshInstance3D" type="MeshInstance3D" parent="Fox/Fox/root/Skeleton3D/LeftHand"]
mesh = SubResource( "CylinderMesh_vodsq" )
surface_material_override/0 = SubResource( "StandardMaterial3D_283bm" )

[node name="RightHand" type="BoneAttachment3D" parent="Fox/Fox/root/Skeleton3D" index="3"]
transform = Transform3D(-0.0278457, -0.00409487, -0.999603, -0.835118, -0.549478, 0.0255144, -0.549365, 0.835498, 0.0118811, -6.96753, -0.895977, 17.8278)
bone_name = "b_RightHand_08"
bone_idx = 9

[node name="MeshInstance3D" type="MeshInstance3D" parent="Fox/Fox/root/Skeleton3D/RightHand"]
mesh = SubResource( "CylinderMesh_vodsq" )
surface_material_override/0 = SubResource( "StandardMaterial3D_283bm" )

[node name="LeftFoot" type="BoneAttachment3D" parent="Fox/Fox/root/Skeleton3D" index="4"]
transform = Transform3D(-2.04667e-05, -0.000151753, -1, -0.996309, -0.0858325, 3.34829e-05, -0.0858325, 0.996309, -0.00014928, 6.96533, -6.598, -32.8905)
bone_name = "b_LeftFoot02_018"
bone_idx = 19

[node name="MeshInstance3D" type="MeshInstance3D" parent="Fox/Fox/root/Skeleton3D/LeftFoot"]
mesh = SubResource( "CylinderMesh_vodsq" )
surface_material_override/0 = SubResource( "StandardMaterial3D_283bm" )

[node name="RightFoot" type="BoneAttachment3D" parent="Fox/Fox/root/Skeleton3D" index="5"]
transform = Transform3D(1.91405e-05, 0.000307053, -1, -0.884703, -0.466155, -0.000160072, -0.466155, 0.884703, 0.000262752, -6.80366, -22.8163, -43.4436)
bone_name = "b_RightFoot02_022"
bone_idx = 23

[node name="MeshInstance3D" type="MeshInstance3D" parent="Fox/Fox/root/Skeleton3D/RightFoot"]
mesh = SubResource( "CylinderMesh_vodsq" )
surface_material_override/0 = SubResource( "StandardMaterial3D_283bm" )

[node name="Head" type="BoneAttachment3D" parent="Fox/Fox/root/Skeleton3D" index="6"]
transform = Transform3D(-0.118416, -0.0274578, -0.992584, -0.803695, -0.584396, 0.112047, -0.583139, 0.811004, 0.0471342, -0.0307878, 16.7399, 36.5498)
bone_name = "b_Head_05"
bone_idx = 6

[node name="MeshInstance3D" type="MeshInstance3D" parent="Fox/Fox/root/Skeleton3D/Head"]
mesh = SubResource( "CylinderMesh_vodsq" )
surface_material_override/0 = SubResource( "StandardMaterial3D_283bm" )

[node name="Root" type="BoneAttachment3D" parent="Fox/Fox/root/Skeleton3D" index="7"]
transform = Transform3D(-0.0214145, 0.860078, 0.509713, -0.823382, 0.27401, -0.496952, -0.567084, -0.43033, 0.702305, 0, 0, 0)
bone_name = "_rootJoint"
bone_idx = 0

[node name="Root" type="BoneAttachment3D" parent="."]
transform = Transform3D(0.916177, -0.227063, -0.330245, 0.258657, 0.964432, 0.0544711, 0.306131, -0.135325, 0.942322, 0, 0, 0)
bone_name = "_rootJoint"
bone_idx = 0

[node name="Hips" type="BoneAttachment3D" parent="."]
transform = Transform3D(-4.29153e-06, 1.1012e-05, -1, 0.0151671, 0.999884, 1.09394e-05, 0.999885, -0.0151675, -4.53042e-06, 7.15256e-07, 23.0058, -22.1449)
bone_name = "b_Hip_01"
bone_idx = 2

[node name="MeshInstance3D" type="MeshInstance3D" parent="Hips"]
mesh = SubResource( "CylinderMesh_vodsq" )
surface_material_override/0 = SubResource( "StandardMaterial3D_283bm" )

[node name="LeftHand" type="BoneAttachment3D" parent="."]
transform = Transform3D(0.0427082, 0.00805285, -0.999055, -0.834266, -0.549902, -0.0400962, -0.549706, 0.83519, -0.0167672, 6.94305, -0.896014, 17.8388)
bone_name = "b_LeftHand_011"
bone_idx = 12

[node name="MeshInstance3D" type="MeshInstance3D" parent="LeftHand"]
mesh = SubResource( "CylinderMesh_vodsq" )
surface_material_override/0 = SubResource( "StandardMaterial3D_283bm" )

[node name="RightHand" type="BoneAttachment3D" parent="."]
transform = Transform3D(-0.0278453, -0.00409405, -0.999604, -0.835118, -0.549478, 0.0255138, -0.549365, 0.835498, 0.0118813, -6.96752, -0.895984, 17.8278)
bone_name = "b_RightHand_08"
bone_idx = 9

[node name="MeshInstance3D" type="MeshInstance3D" parent="RightHand"]
mesh = SubResource( "CylinderMesh_vodsq" )
surface_material_override/0 = SubResource( "StandardMaterial3D_283bm" )

[node name="LeftFoot" type="BoneAttachment3D" parent="."]
transform = Transform3D(-2.03698e-05, -0.000151521, -1, -0.996309, -0.0858315, 3.32661e-05, -0.0858316, 0.996309, -0.000149278, 6.96534, -6.598, -32.8905)
bone_name = "b_LeftFoot02_018"
bone_idx = 19

[node name="MeshInstance3D" type="MeshInstance3D" parent="LeftFoot"]
mesh = SubResource( "CylinderMesh_vodsq" )
surface_material_override/0 = SubResource( "StandardMaterial3D_283bm" )

[node name="RightFoot" type="BoneAttachment3D" parent="."]
transform = Transform3D(1.97293e-05, 0.000307259, -1, -0.884704, -0.466154, -0.000160691, -0.466154, 0.884704, 0.000262563, -6.96533, -25.679, -44.0703)
bone_name = "b_RightFoot02_022"
bone_idx = 23

[node name="MeshInstance3D" type="MeshInstance3D" parent="RightFoot"]
mesh = SubResource( "CylinderMesh_vodsq" )
surface_material_override/0 = SubResource( "StandardMaterial3D_283bm" )

[node name="Head" type="BoneAttachment3D" parent="."]
transform = Transform3D(-0.118415, -0.0274581, -0.992584, -0.803695, -0.584396, 0.112047, -0.583139, 0.811004, 0.0471334, 5.05447e-05, 15.0116, 42.734)
bone_name = "b_Head_05"
bone_idx = 6

[node name="MeshInstance3D" type="MeshInstance3D" parent="Head"]
mesh = SubResource( "CylinderMesh_vodsq" )
surface_material_override/0 = SubResource( "StandardMaterial3D_283bm" )

[node name="Root2" type="BoneAttachment3D" parent="."]
bone_name = "_rootJoint"
bone_idx = 0

[editable path="Fox"]
