[gd_scene load_steps=4 format=3 uid="uid://bmueapwa1c4o1"]

[ext_resource type="PackedScene" uid="uid://c7cddg60ptw4l" path="res://ewbik_samples/art/Fox_corrected_bone_directions.glb" id="1_cy4mh"]

[sub_resource type="SkeletonModification3DEWBIK" id="SkeletonModification3DEWBIK_arbsc"]
budget_millisecond = 8.0
root_bone = "_rootJoint"
default_damp = 0.00174533
pin_count = 8
pins/0/name = "b_LeftHand_011"
pins/0/target_node = NodePath("../../../../b_LeftHand_011")
pins/0/use_node_rotation = true
pins/0/depth_falloff = 1.0
pins/0/priority = null
pins/0/weight_translation = null
pins/0/weight_x_direction = null
pins/0/weight_y_direction = null
pins/0/weight_z_direction = null
pins/1/name = "b_RightHand_08"
pins/1/target_node = NodePath("../../../../b_RightHand_08")
pins/1/use_node_rotation = true
pins/1/depth_falloff = 1.0
pins/1/priority = null
pins/1/weight_translation = null
pins/1/weight_x_direction = null
pins/1/weight_y_direction = null
pins/1/weight_z_direction = null
pins/2/name = "b_LeftFoot02_018"
pins/2/target_node = NodePath("../../../../b_LeftFoot02_018")
pins/2/use_node_rotation = true
pins/2/depth_falloff = 1.0
pins/2/priority = null
pins/2/weight_translation = null
pins/2/weight_x_direction = null
pins/2/weight_y_direction = null
pins/2/weight_z_direction = null
pins/3/name = "b_RightFoot02_022"
pins/3/target_node = NodePath("../../../../b_RightFoot02_022")
pins/3/use_node_rotation = true
pins/3/depth_falloff = 1.0
pins/3/priority = null
pins/3/weight_translation = null
pins/3/weight_x_direction = null
pins/3/weight_y_direction = null
pins/3/weight_z_direction = null
pins/4/name = "b_Head_05"
pins/4/target_node = NodePath("../../../../b_Head_05")
pins/4/use_node_rotation = true
pins/4/depth_falloff = 1.0
pins/4/priority = null
pins/4/weight_translation = null
pins/4/weight_x_direction = null
pins/4/weight_y_direction = null
pins/4/weight_z_direction = null
pins/5/name = "b_Hip_01"
pins/5/target_node = NodePath("../../../../b_Hip_01")
pins/5/use_node_rotation = true
pins/5/depth_falloff = 1.0
pins/5/priority = null
pins/5/weight_translation = null
pins/5/weight_x_direction = null
pins/5/weight_y_direction = null
pins/5/weight_z_direction = null
pins/6/name = "b_Root_00"
pins/6/target_node = NodePath("../../../../_rootjoint")
pins/6/use_node_rotation = true
pins/6/depth_falloff = 1.0
pins/6/priority = null
pins/6/weight_translation = null
pins/6/weight_x_direction = null
pins/6/weight_y_direction = null
pins/6/weight_z_direction = null
pins/7/name = "_rootJoint"
pins/7/target_node = NodePath("../../../..")
pins/7/use_node_rotation = true
pins/7/depth_falloff = 1.0
pins/7/priority = null
pins/7/weight_translation = null
pins/7/weight_x_direction = null
pins/7/weight_y_direction = null
pins/7/weight_z_direction = null

[sub_resource type="SkeletonModificationStack3D" id="SkeletonModificationStack3D_wpwf5"]
enabled = true
modification_count = 1
modifications/0 = SubResource( "SkeletonModification3DEWBIK_arbsc" )

[node name="Node3D" type="Node3D"]

[node name="Fox" parent="." instance=ExtResource( "1_cy4mh" )]

[node name="Skeleton3D" parent="Fox/Fox/root" index="0"]
bones/0/position = Vector3(2.78354e-05, 4.62581, 0.863101)
bones/0/rotation = Quaternion(-0.0363854, -0.00272078, 0.0191265, 0.999151)
bones/1/rotation = Quaternion(-0.279239, -0.00432601, -0.0135542, 0.960116)
bones/1/scale = Vector3(1, 1, 1)
bones/2/position = Vector3(1.3113e-06, 50.6095, 0.00943184)
bones/2/rotation = Quaternion(-0.406802, 0.629434, 0.504672, -0.428522)
bones/2/scale = Vector3(1, 1, 1)
bones/3/position = Vector3(9.0069, 9.17039, -0.000306129)
bones/3/rotation = Quaternion(0.0825317, 0.533421, -0.359468, 0.761205)
bones/3/scale = Vector3(1, 1, 1)
bones/4/position = Vector3(-0.000511169, 21.6604, 5.34058e-05)
bones/4/rotation = Quaternion(-0.139142, -0.458439, -0.134608, 0.867383)
bones/4/scale = Vector3(1, 1, 1)
bones/5/position = Vector3(-3.46891, 25.4292, 4.48227e-05)
bones/5/rotation = Quaternion(0.322373, 0.0955314, 0.134775, 0.932086)
bones/5/scale = Vector3(1, 1, 1)
bones/6/position = Vector3(-0.0144005, 13.3815, -2.86102e-05)
bones/6/rotation = Quaternion(-0.133938, -0.130475, -0.29168, 0.938062)
bones/6/scale = Vector3(1, 1, 1)
bones/7/position = Vector3(1.73321, 19.0919, 6.96956)
bones/7/rotation = Quaternion(-0.135576, -0.219542, 0.843626, -0.470866)
bones/7/scale = Vector3(1, 1, 1)
bones/8/position = Vector3(-0.000632286, 23.051, 0.000267029)
bones/8/rotation = Quaternion(0.204966, -0.318212, 0.410351, 0.829664)
bones/8/scale = Vector3(1, 1, 1)
bones/9/position = Vector3(-0.000894547, 19.3524, -0.000242233)
bones/9/rotation = Quaternion(0.0208271, 0.308676, 0.335572, 0.889762)
bones/9/scale = Vector3(1, 1, 1)
bones/10/position = Vector3(1.73403, 19.0915, -6.96996)
bones/10/rotation = Quaternion(-0.110329, 0.128801, -0.570892, 0.803318)
bones/10/scale = Vector3(1, 1, 1)
bones/11/position = Vector3(-0.00125313, 23.0535, 0.000346184)
bones/11/rotation = Quaternion(0.420838, 0.00992589, -0.253561, 0.870921)
bones/11/scale = Vector3(1, 1, 1)
bones/12/position = Vector3(-0.00170517, 19.3523, -8.91685e-05)
bones/12/rotation = Quaternion(-0.202006, 0.258772, 0.529414, 0.782273)
bones/12/scale = Vector3(1, 1, 1)
bones/13/rotation = Quaternion(5.30177e-06, -3.58688e-06, 0.837099, 0.547052)
bones/15/rotation = Quaternion(0, 0, -0.0538328, 0.99855)
bones/16/position = Vector3(-0.303009, 7.04825, -6.97031)
bones/16/rotation = Quaternion(0.0149522, -0.0912813, 0.967774, -0.234219)
bones/16/scale = Vector3(1, 1, 1)
bones/17/position = Vector3(-0.00164795, 18.9507, 0.000297546)
bones/17/rotation = Quaternion(0.000627305, -0.180129, 0.175385, 0.967881)
bones/17/scale = Vector3(1, 1, 1)
bones/18/position = Vector3(-0.00019455, 17.9463, 0.000400543)
bones/18/rotation = Quaternion(-0.0251664, 0.206558, -0.348671, 0.913854)
bones/18/scale = Vector3(1, 1, 1)
bones/19/position = Vector3(-0.000307083, 15.7831, 2.19345e-05)
bones/19/rotation = Quaternion(-0.0844226, -0.188796, 0.85804, 0.470103)
bones/19/scale = Vector3(1, 1, 1)
bones/20/position = Vector3(-0.302166, 7.04883, 6.96997)
bones/20/rotation = Quaternion(0.00249544, -0.0554901, 0.978594, -0.198164)
bones/20/scale = Vector3(1, 1, 1)
bones/21/position = Vector3(-0.000392914, 18.9508, -0.000104904)
bones/21/rotation = Quaternion(-0.0672234, -0.154948, 0.129485, 0.97709)
bones/21/scale = Vector3(1, 1, 1)
bones/22/position = Vector3(-0.00037384, 17.9493, 9.77516e-06)
bones/22/rotation = Quaternion(0.191212, 0.129643, 0.126766, 0.964656)
bones/22/scale = Vector3(1, 1, 1)
bones/23/position = Vector3(-0.000917435, 15.7775, -0.000152588)
bones/23/rotation = Quaternion(-0.203635, -0.0397439, 0.605993, 0.767936)
bones/23/scale = Vector3(1, 1, 1)
modification_stack = SubResource( "SkeletonModificationStack3D_wpwf5" )

[node name="b_LeftHand_011" type="BoneAttachment3D" parent="Fox/Fox/root/Skeleton3D" index="1"]
transform = Transform3D(0.0429583, 0.00821654, -0.999044, -0.834276, -0.549866, -0.0403959, -0.549672, 0.835213, -0.0167663, 6.94372, 6.69456, 21.2082)
bone_name = "b_LeftHand_011"
bone_idx = 12
use_external_skeleton = true
external_skeleton = NodePath("..")

[node name="b_RightHand_08" type="BoneAttachment3D" parent="Fox/Fox/root/Skeleton3D" index="2"]
transform = Transform3D(-0.0277436, -0.00411491, -0.999607, -0.834748, -0.550045, 0.0254322, -0.549933, 0.835126, 0.0118254, -6.96674, 6.69842, 17.8282)
bone_name = "b_RightHand_08"
bone_idx = 9
use_external_skeleton = true
external_skeleton = NodePath("..")

[node name="b_LeftFoot02_018" type="BoneAttachment3D" parent="Fox/Fox/root/Skeleton3D" index="3"]
transform = Transform3D(0.000139819, -0.000122696, -1, -0.996296, -0.0859978, -0.00012897, -0.0859977, 0.996296, -0.00013423, 13.429, 0.993836, -34.611)
bone_name = "b_LeftFoot02_018"
bone_idx = 19
use_external_skeleton = true
external_skeleton = NodePath("..")

[node name="b_RightFoot02_022" type="BoneAttachment3D" parent="Fox/Fox/root/Skeleton3D" index="4"]
transform = Transform3D(0.000212744, 0.000328839, -1, -0.996216, -0.0869151, -0.000240758, -0.0869151, 0.996216, 0.000309139, -6.9663, 0.980061, -32.8862)
bone_name = "b_RightFoot02_022"
bone_idx = 23
use_external_skeleton = true
external_skeleton = NodePath("..")

[node name="b_Head_05" type="BoneAttachment3D" parent="Fox/Fox/root/Skeleton3D" index="5"]
transform = Transform3D(0.000826538, -0.000779867, -1, -0.912355, -0.409401, -0.000434801, -0.4094, 0.912355, -0.00104991, 0.00164318, 50.3375, 41.2058)
bone_name = "b_Head_05"
bone_idx = 6
use_external_skeleton = true
external_skeleton = NodePath("..")

[node name="b_Hip_01" type="BoneAttachment3D" parent="Fox/Fox/root/Skeleton3D" index="6"]
transform = Transform3D(-0.305121, -0.106016, -0.946395, -0.686618, 0.713119, 0.141483, 0.659893, 0.692981, -0.29038, -3.50226e-05, 45.2709, -29.2913)
bone_name = "b_Hip_01"
bone_idx = 2
use_external_skeleton = true
external_skeleton = NodePath("..")

[node name="_rootjoint" type="BoneAttachment3D" parent="Fox/Fox/root/Skeleton3D" index="7"]
transform = Transform3D(0.999254, -0.0380225, -0.00682879, 0.0384185, 0.996621, 0.072605, 0.00404509, -0.0728132, 0.997337, 2.78354e-05, 4.62581, 0.863101)
bone_name = "_rootJoint"
bone_idx = 0
use_external_skeleton = true
external_skeleton = NodePath("..")

[node name="b_LeftHand_011" type="Position3D" parent="."]
transform = Transform3D(0.0427154, 0.00805, -0.999221, -0.834392, -0.550022, -0.0401027, -0.549802, 0.835323, -0.0167754, 6.94327, 6.69155, 21.2082)

[node name="b_RightHand_08" type="Position3D" parent="."]
transform = Transform3D(-0.0278457, -0.00409623, -0.999622, -0.835139, -0.549515, 0.0255163, -0.54941, 0.835546, 0.011881, -6.96732, 6.69442, 17.8276)

[node name="b_LeftFoot02_018" type="Position3D" parent="."]
transform = Transform3D(-2.2874e-05, -0.00015122, -0.999999, -0.996369, -0.0858122, 3.57216e-05, -0.0858224, 0.996379, -0.000148765, 13.4305, 0.99156, -34.6126)

[node name="b_RightFoot02_022" type="Position3D" parent="."]
transform = Transform3D(1.83029e-05, 0.000307959, -1, -0.996168, -0.0866249, -4.49496e-05, -0.0866281, 0.996225, 0.000305168, -6.9653, 0.98368, -32.8872)

[node name="b_Head_05" type="Position3D" parent="."]
transform = Transform3D(-3.01789e-06, 8.72272e-06, -1, -0.912707, -0.408657, -8.29736e-07, -0.40866, 0.912715, 9.12724e-06, -0.000247517, 50.3372, 41.2088)

[node name="b_Hip_01" type="Position3D" parent="."]
transform = Transform3D(-1.14229e-05, 1.06772e-06, -1, 0.401717, 0.915774, -3.64507e-06, 0.915778, -0.401716, -1.09528e-05, -0.000217107, 42.938, -27.5653)

[node name="_rootjoint" type="Position3D" parent="."]
transform = Transform3D(1, 0, 0, 0, 1, 0, 0, 0, 1, 0, 11.5905, 0)

[editable path="Fox"]
