[gd_scene load_steps=7 format=3 uid="uid://qq5cf34hndch"]

[ext_resource type="PackedScene" uid="uid://daav1dqydvgob" path="res://ewbik_samples/art/Fox.glb" id="1_cy4mh"]

[sub_resource type="SphereMesh" id="SphereMesh_hhrio"]
radius = 5.0
height = 10.0

[sub_resource type="StandardMaterial3D" id="StandardMaterial3D_283bm"]
albedo_color = Color(0.764706, 0.690196, 0.192157, 1)

[sub_resource type="SkeletonModification3DEWBIK" id="SkeletonModification3DEWBIK_l8a6t"]
execution_mode = 1
root_bone = "b_Root_00"
ik_iterations = 10
pin_count = 7
pins/0/name = "b_Hip_01"
pins/0/target_node = NodePath("../../../Hips")
pins/0/use_node_rotation = false
pins/0/depth_falloff = 1.0
pins/0/remove = false
pins/1/name = "b_LeftHand_011"
pins/1/target_node = NodePath("../../../LeftHand")
pins/1/use_node_rotation = false
pins/1/depth_falloff = 1.0
pins/1/remove = false
pins/2/name = "b_RightHand_08"
pins/2/target_node = NodePath("../../../RightHand")
pins/2/use_node_rotation = false
pins/2/depth_falloff = 1.0
pins/2/remove = false
pins/3/name = "b_RightFoot02_022"
pins/3/target_node = NodePath("../../../RightFoot")
pins/3/use_node_rotation = false
pins/3/depth_falloff = 1.0
pins/3/remove = false
pins/4/name = "b_LeftFoot02_018"
pins/4/target_node = NodePath("../../../LeftFoot")
pins/4/use_node_rotation = false
pins/4/depth_falloff = 1.0
pins/4/remove = false
pins/5/name = "b_Head_05"
pins/5/target_node = NodePath("../../../Head")
pins/5/use_node_rotation = false
pins/5/depth_falloff = 1.0
pins/5/remove = false
pins/6/name = "_rootJoint"
pins/6/target_node = NodePath("../../../Root")
pins/6/use_node_rotation = false
pins/6/depth_falloff = 1.0
pins/6/remove = false

[sub_resource type="SkeletonModificationStack3D" id="SkeletonModificationStack3D_dt0nx"]
enabled = true
modification_count = 1
modifications/0 = SubResource( "SkeletonModification3DEWBIK_l8a6t" )

[sub_resource type="SphereMesh" id="SphereMesh_sgql3"]
radius = 5.0
height = 10.0

[node name="Node3D" type="Node3D"]

[node name="Hips" type="Position3D" parent="."]
transform = Transform3D(-1.19209e-07, -1.01328e-06, -1, 0.934782, 0.355222, -4.76834e-07, 0.355222, -0.934782, 9.23874e-07, 0, 42.9381, -26.7486)

[node name="MeshInstance3D" type="MeshInstance3D" parent="Hips"]
mesh = SubResource( "SphereMesh_hhrio" )
surface_material_override/0 = SubResource( "StandardMaterial3D_283bm" )

[node name="LeftHand" type="Position3D" parent="."]
transform = Transform3D(0.00773039, -0.0427677, -0.999055, -0.543593, 0.838391, -0.0400961, 0.839313, 0.543389, -0.0167671, 6.94305, 6.69459, 17.8388)

[node name="MeshInstance3D" type="MeshInstance3D" parent="LeftHand"]
mesh = SubResource( "SphereMesh_hhrio" )
surface_material_override/0 = SubResource( "StandardMaterial3D_283bm" )

[node name="RightHand" type="Position3D" parent="."]
transform = Transform3D(-0.00388387, 0.0278754, -0.999604, -0.543162, 0.83924, 0.0255138, 0.839619, 0.543045, 0.0118814, -6.96752, 6.69463, 17.8278)

[node name="MeshInstance3D" type="MeshInstance3D" parent="RightHand"]
mesh = SubResource( "SphereMesh_hhrio" )
surface_material_override/0 = SubResource( "StandardMaterial3D_283bm" )

[node name="LeftFoot" type="Position3D" parent="."]
transform = Transform3D(-0.000151539, 2.03588e-05, -1, -0.0858317, 0.99631, 3.3285e-05, 0.99631, 0.0858317, -0.000149213, 6.96534, 0.992588, -32.8905)

[node name="MeshInstance3D" type="MeshInstance3D" parent="LeftFoot"]
mesh = SubResource( "SphereMesh_hhrio" )
surface_material_override/0 = SubResource( "StandardMaterial3D_283bm" )

[node name="RightFoot" type="Position3D" parent="."]
transform = Transform3D(0.000307241, -1.97405e-05, -1, -0.0866506, 0.996239, -4.62943e-05, 0.996238, 0.0866505, 0.000304394, -15.0162, 0.984621, -32.8871)

[node name="MeshInstance3D" type="MeshInstance3D" parent="RightFoot"]
mesh = SubResource( "SphereMesh_hhrio" )
surface_material_override/0 = SubResource( "StandardMaterial3D_283bm" )

[node name="Head" type="Position3D" parent="."]
transform = Transform3D(9.87941e-07, -2.5479e-07, -1, -0.225894, 0.974152, -4.76834e-07, 0.974152, 0.225894, 9.23874e-07, 4.85332e-05, 60.7255, 36.1545)

[node name="MeshInstance3D" type="MeshInstance3D" parent="Head"]
mesh = SubResource( "SphereMesh_hhrio" )
surface_material_override/0 = SubResource( "StandardMaterial3D_283bm" )

[node name="Root" type="Position3D" parent="."]
transform = Transform3D(1, 0, 0, 0, -3.69549e-06, 1, 0, -1, -3.69549e-06, 0, 0, 0)

[node name="MeshInstance3D" type="MeshInstance3D" parent="Root"]
mesh = SubResource( "SphereMesh_hhrio" )
surface_material_override/0 = SubResource( "StandardMaterial3D_283bm" )

[node name="Fox" parent="." instance=ExtResource( "1_cy4mh" )]

[node name="Skeleton3D" parent="Fox/root" index="0"]
bones/1/rotation = Quaternion(-0.719312, -0.00690692, 0.0473854, 0.693035)
bones/1/scale = Vector3(1, 1.00002, 1)
bones/2/position = Vector3(-3.88622e-05, 26.7492, 42.9394)
bones/2/rotation = Quaternion(0.113671, -0.718345, -0.101487, 0.678793)
bones/2/scale = Vector3(1.00003, 0.999998, 0.999976)
bones/3/position = Vector3(12.8493, 4.95911e-05, 8.82149e-06)
bones/3/rotation = Quaternion(-0.00521496, 0.000327634, -0.629121, 0.77729)
bones/3/scale = Vector3(0.999883, 0.999877, 0.999845)
bones/4/position = Vector3(21.6564, 0.000362396, -2.6226e-06)
bones/4/rotation = Quaternion(-0.0120271, -0.0059634, -0.0287353, 0.999497)
bones/4/scale = Vector3(1.00006, 1.00006, 1.00004)
bones/5/position = Vector3(25.6493, 0.000354767, -1.16229e-05)
bones/5/rotation = Quaternion(0.0482214, -0.00698168, 0.237295, 0.970215)
bones/5/scale = Vector3(1, 1.00001, 1)
bones/6/position = Vector3(13.3777, 0.000137329, 6.86646e-05)
bones/6/rotation = Quaternion(0.00420793, -0.0006712, -0.479988, 0.877265)
bones/6/scale = Vector3(1.00009, 1.0001, 1.00013)
bones/7/position = Vector3(18.6784, -4.29674, 6.9677)
bones/7/rotation = Quaternion(0.00411025, 0.0392467, -0.746888, 0.663778)
bones/7/scale = Vector3(1, 0.999986, 1.00002)
bones/8/position = Vector3(23.0468, -3.62396e-05, 0.000106812)
bones/8/rotation = Quaternion(-0.0531705, 0.03256, -0.0672953, 0.995783)
bones/8/scale = Vector3(1.00006, 1.00007, 1.00005)
bones/9/position = Vector3(19.3542, -0.146049, -5.31673e-05)
bones/9/rotation = Quaternion(-0.0552589, -0.000372527, 0.373794, 0.925864)
bones/9/scale = Vector3(1.00017, 1.00019, 1.00017)
bones/10/position = Vector3(18.6782, -4.2968, -6.96811)
bones/10/rotation = Quaternion(0.00359286, 0.0400296, -0.74874, 0.661644)
bones/10/scale = Vector3(0.999992, 0.999994, 1.00002)
bones/11/position = Vector3(23.0452, 4.76837e-07, -1.90735e-05)
bones/11/rotation = Quaternion(-0.0526526, 0.033512, -0.0691761, 0.99565)
bones/11/scale = Vector3(1.00006, 1.00004, 1.00005)
bones/12/position = Vector3(19.3533, -0.146121, 4.76837e-05)
bones/12/rotation = Quaternion(-0.0327155, 0.0156951, 0.361849, 0.93153)
bones/12/scale = Vector3(1.00021, 1.00019, 1.00022)
bones/13/position = Vector3(4.26016, 15.9572, 4.81606e-05)
bones/13/rotation = Quaternion(-0.590468, -0.0242254, 0.691014, 0.416246)
bones/13/scale = Vector3(0.999887, 0.999871, 0.999801)
bones/14/position = Vector3(12.4111, 0.000377655, -1.90735e-05)
bones/14/rotation = Quaternion(0.00122642, 0.462437, -0.172571, 0.869695)
bones/14/scale = Vector3(0.999929, 0.999907, 0.999911)
bones/15/position = Vector3(24.2424, 4.19617e-05, 1.90735e-05)
bones/15/rotation = Quaternion(0.124356, 0.474728, -0.235648, 0.838832)
bones/15/scale = Vector3(1.00005, 1.00004, 1.00004)
bones/16/position = Vector3(4.81329, 5.15349, -6.9671)
bones/16/rotation = Quaternion(-0.0631063, 0.0225369, 0.968949, -0.238008)
bones/16/scale = Vector3(0.99989, 0.999887, 0.999837)
bones/17/position = Vector3(18.945, 1.52588e-05, -1.62125e-05)
bones/17/rotation = Quaternion(0.0822007, 0.0169883, -0.366636, 0.92657)
bones/17/scale = Vector3(1.00003, 1.00003, 0.999995)
bones/18/position = Vector3(17.9449, -0.000392914, 6.67572e-06)
bones/18/rotation = Quaternion(0.0739945, 0.146582, 0.42092, 0.892112)
bones/18/scale = Vector3(1.00011, 1.00013, 1.00008)
bones/19/position = Vector3(15.7819, -0.000118256, 2.47955e-05)
bones/19/rotation = Quaternion(0.0474413, 0.117619, 0.451051, 0.883441)
bones/19/scale = Vector3(1.00013, 1.00014, 1.00012)
bones/20/position = Vector3(4.8135, 5.15344, 6.96665)
bones/20/rotation = Quaternion(0.29018, -0.0103756, 0.855212, -0.429303)
bones/20/scale = Vector3(0.99991, 0.999883, 0.999765)
bones/21/position = Vector3(18.944, 8.7738e-05, 6.10352e-05)
bones/21/rotation = Quaternion(-0.1029, -0.17381, -0.0864492, 0.975566)
bones/21/scale = Vector3(1.00001, 1.00002, 0.99997)
bones/22/position = Vector3(17.9429, 0.000112534, 9.53674e-05)
bones/22/rotation = Quaternion(0.182692, -0.0945905, 0.750016, 0.628612)
bones/22/scale = Vector3(1.00001, 0.999955, 0.999935)
bones/23/position = Vector3(15.7805, -0.000397921, 0.000114441)
bones/23/rotation = Quaternion(0.531637, -0.046475, 0.691657, 0.486634)
bones/23/scale = Vector3(0.999967, 1.00003, 0.999991)
modification_stack = SubResource( "SkeletonModificationStack3D_dt0nx" )

[node name="Hips2" type="BoneAttachment3D" parent="Fox/root/Skeleton3D" index="1"]
transform = Transform3D(-0.109639, -0.101903, -0.988711, 0.956566, 0.259615, -0.132819, 0.270243, -0.960341, 0.0690082, -4.8294, 41.7317, -28.1867)
bone_name = "b_Hip_01"
bone_idx = 2

[node name="MeshInstance3D" type="MeshInstance3D" parent="Fox/root/Skeleton3D/Hips2"]
mesh = SubResource( "SphereMesh_sgql3" )

[node name="Hips" type="BoneAttachment3D" parent="Fox/root/Skeleton3D" index="2"]
transform = Transform3D(-0.109639, -0.101903, -0.988711, 0.956566, 0.259615, -0.132819, 0.270243, -0.960341, 0.0690082, -4.8294, 41.7317, -28.1867)
bone_name = "b_Hip_01"
bone_idx = 2

[node name="MeshInstance3D" type="MeshInstance3D" parent="Fox/root/Skeleton3D/Hips"]
mesh = SubResource( "SphereMesh_sgql3" )

[node name="LeftHand" type="BoneAttachment3D" parent="Fox/root/Skeleton3D" index="3"]
transform = Transform3D(0.354355, 0.1136, -0.928355, -0.879327, 0.3789, -0.289261, 0.318825, 0.918667, 0.234119, 10.5216, 7.55879, 1.28337)
bone_name = "b_LeftHand_011"
bone_idx = 12

[node name="MeshInstance3D" type="MeshInstance3D" parent="Fox/root/Skeleton3D/LeftHand"]
mesh = SubResource( "SphereMesh_sgql3" )

[node name="RightHand" type="BoneAttachment3D" parent="Fox/root/Skeleton3D" index="4"]
transform = Transform3D(0.342736, 0.154366, -0.926781, -0.870485, 0.423652, -0.251333, 0.353781, 0.892819, 0.279525, -3.32391, 6.06646, 2.33519)
bone_name = "b_RightHand_08"
bone_idx = 9

[node name="MeshInstance3D" type="MeshInstance3D" parent="Fox/root/Skeleton3D/RightHand"]
mesh = SubResource( "SphereMesh_sgql3" )

[node name="LeftFoot" type="BoneAttachment3D" parent="Fox/root/Skeleton3D" index="5"]
transform = Transform3D(-0.0162615, -0.717568, -0.696357, -0.254019, 0.676735, -0.69127, 0.967256, 0.165686, -0.193257, 17.1348, 2.88629, -32.0025)
bone_name = "b_LeftFoot02_018"
bone_idx = 19

[node name="MeshInstance3D" type="MeshInstance3D" parent="Fox/root/Skeleton3D/LeftFoot"]
mesh = SubResource( "SphereMesh_sgql3" )

[node name="RightFoot" type="BoneAttachment3D" parent="Fox/root/Skeleton3D" index="6"]
transform = Transform3D(-0.296621, -0.755253, -0.583986, 0.748066, -0.564072, 0.349187, -0.593254, -0.333456, 0.732571, -29.7016, 33.9946, 0.0216236)
bone_name = "b_RightFoot02_022"
bone_idx = 23

[node name="MeshInstance3D" type="MeshInstance3D" parent="Fox/root/Skeleton3D/RightFoot"]
mesh = SubResource( "SphereMesh_sgql3" )

[node name="Head" type="BoneAttachment3D" parent="Fox/root/Skeleton3D" index="7"]
transform = Transform3D(0.160948, -0.133879, -0.97784, -0.582151, 0.787271, -0.203594, 0.797068, 0.602039, 0.0487601, -3.31401, 54.5954, 34.8077)
bone_name = "b_Head_05"
bone_idx = 6

[node name="MeshInstance3D" type="MeshInstance3D" parent="Fox/root/Skeleton3D/Head"]
mesh = SubResource( "SphereMesh_sgql3" )

[editable path="Fox"]
