[gd_scene load_steps=4 format=3 uid="uid://bmueapwa1c4o1"]

[ext_resource type="PackedScene" uid="uid://c7cddg60ptw4l" path="res://ewbik_samples/art/Fox_corrected_bone_directions.glb" id="1_cy4mh"]

[sub_resource type="SkeletonModification3DEWBIK" id="SkeletonModification3DEWBIK_arbsc"]
max_ik_iterations = 30.0
budget_millisecond = 1.0
root_bone = "_rootJoint"
default_damp = 0.000698132
pin_count = 7
pins/0/name = "_rootjoint"
pins/0/target_node = NodePath("../../../../_rootjoint")
pins/0/use_node_rotation = true
pins/0/depth_falloff = 1.0
pins/1/name = "b_Hip_01"
pins/1/target_node = NodePath("../../../../_rootjoint/b_Hip_01")
pins/1/use_node_rotation = true
pins/1/depth_falloff = 1.0
pins/2/name = "b_LeftFoot02_018"
pins/2/target_node = NodePath("../../../../_rootjoint/b_Hip_01/b_LeftFoot02_018")
pins/2/use_node_rotation = true
pins/2/depth_falloff = 1.0
pins/3/name = "b_RightFoot02_022"
pins/3/target_node = NodePath("../../../../_rootjoint/b_Hip_01/b_RightFoot02_022")
pins/3/use_node_rotation = true
pins/3/depth_falloff = 1.0
pins/4/name = "b_RightHand_08"
pins/4/target_node = NodePath("../../../../_rootjoint/b_Hip_01/b_Head_05/b_RightHand_08")
pins/4/use_node_rotation = true
pins/4/depth_falloff = 1.0
pins/5/name = "b_Head_05"
pins/5/target_node = NodePath("../../../../_rootjoint/b_Hip_01/b_Head_05")
pins/5/use_node_rotation = true
pins/5/depth_falloff = 1.0
pins/6/name = "b_LeftHand_011"
pins/6/target_node = NodePath("../../../../_rootjoint/b_Hip_01/b_Head_05/b_LeftHand_011")
pins/6/use_node_rotation = true
pins/6/depth_falloff = 1.0

[sub_resource type="SkeletonModificationStack3D" id="SkeletonModificationStack3D_wpwf5"]
enabled = true
modification_count = 1
modifications/0 = SubResource( "SkeletonModification3DEWBIK_arbsc" )

[node name="Node3D" type="Node3D"]

[node name="Fox" parent="." instance=ExtResource( "1_cy4mh" )]

[node name="Skeleton3D" parent="Fox/Fox/root" index="0"]
bones/1/rotation = Quaternion(-0.274976, 1.64297e-14, 9.26979e-15, 0.961451)
bones/2/position = Vector3(7.20063e-07, 50.5882, -7.62939e-06)
bones/2/rotation = Quaternion(0.0507867, -0.705282, -0.0507947, 0.705279)
bones/3/position = Vector3(9.00553, 9.16725, 6.36338e-05)
bones/3/rotation = Quaternion(9.80749e-07, 6.32555e-06, -0.852017, 0.523514)
bones/3/scale = Vector3(1, 1, 1)
bones/4/position = Vector3(-7.62939e-06, 21.6559, 4.13067e-07)
bones/4/rotation = Quaternion(-3.42238e-06, -3.54356e-06, -0.050351, 0.998732)
bones/4/scale = Vector3(1, 1, 1)
bones/5/position = Vector3(-3.46685, 25.4137, 0.000190259)
bones/5/rotation = Quaternion(4.37636e-06, 2.23636e-06, 0.367226, 0.930132)
bones/6/position = Vector3(9.34601e-05, 13.3769, 5.83423e-08)
bones/6/rotation = Quaternion(0.00371025, -0.0163282, -0.228631, 0.973369)
bones/6/scale = Vector3(1, 1, 1)
bones/7/position = Vector3(1.7334, 19.0872, 6.96636)
bones/7/rotation = Quaternion(0.000413433, 0.000501399, -0.662993, 0.748625)
bones/8/position = Vector3(0.000244141, 23.0442, 0.00284529)
bones/8/rotation = Quaternion(-2.66958e-08, 4.35132e-06, 0.0333576, 0.999443)
bones/9/position = Vector3(-0.00143242, 19.3512, -0.00107098)
bones/9/rotation = Quaternion(0.00790762, -0.0119798, 0.46042, 0.887585)
bones/9/scale = Vector3(1, 1, 1)
bones/10/position = Vector3(1.7333, 19.0873, -6.9692)
bones/10/rotation = Quaternion(0.000846448, 0.000560802, -0.662895, 0.748711)
bones/10/scale = Vector3(1, 1, 1)
bones/11/position = Vector3(0.000591278, 23.0507, -0.00148726)
bones/11/rotation = Quaternion(2.77969e-06, -2.41065e-07, 0.0333647, 0.999443)
bones/12/position = Vector3(-0.0058136, 19.3336, 0.00310707)
bones/12/rotation = Quaternion(-0.0141353, 0.0164139, 0.459932, 0.88769)
bones/13/position = Vector3(-8.39891, 14.2229, 0.000209587)
bones/13/rotation = Quaternion(5.30173e-06, -3.58615e-06, 0.837099, 0.547052)
bones/14/position = Vector3(1.52588e-05, 12.4119, -1.28861e-07)
bones/14/rotation = Quaternion(4.92992e-10, -4.8518e-09, -0.0696054, 0.997575)
bones/15/position = Vector3(0.000396729, 24.2437, -1.84991e-08)
bones/15/rotation = Quaternion(2.18845e-10, -1.0188e-09, -0.053852, 0.998549)
bones/16/position = Vector3(-0.303335, 7.04595, -6.97732)
bones/16/rotation = Quaternion(0.00016226, -7.05108e-05, 0.989829, 0.142265)
bones/17/position = Vector3(9.72748e-05, 18.9441, 0.00940228)
bones/17/rotation = Quaternion(2.12842e-07, 2.0208e-07, -0.368044, 0.929809)
bones/18/position = Vector3(0.0018425, 17.9413, -2.47955e-05)
bones/18/rotation = Quaternion(-4.92294e-08, 0.000248415, 0.458484, 0.888703)
bones/19/position = Vector3(-0.00688553, 15.7666, -1.62125e-05)
bones/19/rotation = Quaternion(-0.551708, 0.834037, 0.000325553, -0.000645124)
bones/19/scale = Vector3(1, 1, 1)
bones/20/position = Vector3(-0.303267, 7.0458, 6.95825)
bones/20/rotation = Quaternion(3.28917e-06, -5.49139e-06, 0.989862, 0.142031)
bones/20/scale = Vector3(1, 1, 1)
bones/21/position = Vector3(-1.14441e-05, 18.944, 0.00470161)
bones/21/rotation = Quaternion(-2.30168e-10, 5.04065e-09, -0.368044, 0.929809)
bones/22/position = Vector3(-0.00138855, 17.9432, 0.00468493)
bones/22/rotation = Quaternion(-5.96032e-08, -0.000153443, 0.457909, 0.888999)
bones/22/scale = Vector3(1, 1, 1)
bones/23/position = Vector3(-0.00380898, 15.7735, -0.000652313)
bones/23/rotation = Quaternion(0.320309, 0.947313, -0.000273319, 0.000131219)
bones/23/scale = Vector3(1, 1, 1)
modification_stack = SubResource( "SkeletonModificationStack3D_wpwf5" )

[node name="_rootjoint" type="BoneAttachment3D" parent="Fox/Fox/root/Skeleton3D" index="1"]
bone_name = "_rootJoint"
bone_idx = 0
use_external_skeleton = true
external_skeleton = NodePath("..")

[node name="b_Hip_01" type="BoneAttachment3D" parent="Fox/Fox/root/Skeleton3D/_rootjoint"]
transform = Transform3D(-4.29153e-06, 1.10269e-05, -1, 0.401677, 0.915782, 8.33963e-06, 0.915782, -0.401677, -8.42554e-06, 7.20062e-07, 42.9381, -26.7486)
bone_name = "b_Hip_01"
bone_idx = 2
use_external_skeleton = true
external_skeleton = NodePath("../..")

[node name="b_LeftFoot02_018" type="BoneAttachment3D" parent="Fox/Fox/root/Skeleton3D/_rootjoint/b_Hip_01"]
transform = Transform3D(0.46948, 0.882942, 0.00156366, 0.882943, -0.469481, -3.60935e-05, 0.000702239, 0.00139757, -0.999999, -22.4649, -35.9306, -6.96567)
bone_name = "b_LeftFoot02_018"
bone_idx = 19
use_external_skeleton = true
external_skeleton = NodePath("../../..")

[node name="b_RightFoot02_022" type="BoneAttachment3D" parent="Fox/Fox/root/Skeleton3D/_rootjoint/b_Hip_01"]
transform = Transform3D(0.738697, -0.674039, -0.000284976, -0.674038, -0.738697, 0.000781765, -0.00073745, -0.000385402, -1, -22.4684, -35.9498, 6.96436)
bone_name = "b_RightFoot02_022"
bone_idx = 23
use_external_skeleton = true
external_skeleton = NodePath("../../..")

[node name="b_Head_05" type="BoneAttachment3D" parent="Fox/Fox/root/Skeleton3D/_rootjoint/b_Hip_01"]
transform = Transform3D(-0.275441, 0.9613, -0.00583092, -0.960847, -0.275111, 0.0329598, 0.0300802, 0.0146811, 0.99944, 64.7502, -8.97721, -0.00042653)
bone_name = "b_Head_05"
bone_idx = 6
use_external_skeleton = true
external_skeleton = NodePath("../../..")

[node name="b_LeftHand_011" type="BoneAttachment3D" parent="Fox/Fox/root/Skeleton3D/_rootjoint/b_Hip_01/b_Head_05"]
transform = Transform3D(0.751409, 0.656373, 0.0675252, -0.657483, 0.753434, -0.00733003, -0.055687, -0.0388888, 0.997691, 50.8523, -25.494, -8.1028)
bone_name = "b_LeftHand_011"
bone_idx = 12
use_external_skeleton = true
external_skeleton = NodePath("../../../..")

[node name="b_RightHand_08" type="BoneAttachment3D" parent="Fox/Fox/root/Skeleton3D/_rootjoint/b_Hip_01/b_Head_05"]
transform = Transform3D(0.754414, 0.656367, 0.00640299, -0.656232, 0.753967, 0.0298809, 0.0147852, -0.0267444, 0.999533, 51.2801, -25.3056, 5.79998)
bone_name = "b_RightHand_08"
bone_idx = 9
use_external_skeleton = true
external_skeleton = NodePath("../../../..")

[node name="_rootjoint" type="BoneAttachment3D" parent="."]
bone_name = "_rootJoint"
bone_idx = 0
use_external_skeleton = true
external_skeleton = NodePath("..")

[node name="b_Hip_01" type="BoneAttachment3D" parent="_rootjoint"]
transform = Transform3D(-4.29153e-06, 1.10269e-05, -1, 0.401677, 0.915782, 8.33963e-06, 0.915782, -0.401677, -8.42554e-06, 7.20043e-07, 42.9381, -26.7486)
bone_name = "b_Hip_01"
bone_idx = 2
use_external_skeleton = true
external_skeleton = NodePath("../..")

[node name="b_LeftFoot02_018" type="BoneAttachment3D" parent="_rootjoint/b_Hip_01"]
transform = Transform3D(0.46948, 0.882942, 0.00156364, 0.882943, -0.469481, -3.60358e-05, 0.000702283, 0.00139752, -0.999999, -22.4653, -35.9315, -6.96544)
bone_name = "b_LeftFoot02_018"
bone_idx = 19
use_external_skeleton = true
external_skeleton = NodePath("../../..")

[node name="b_RightFoot02_022" type="BoneAttachment3D" parent="_rootjoint/b_Hip_01"]
transform = Transform3D(-0.479517, 0.877533, 0.000297187, -0.877533, -0.479517, -0.000164832, -2.13961e-06, -0.000339831, 1, -22.4691, -35.9499, 6.96398)
bone_name = "b_RightFoot02_022"
bone_idx = 23
use_external_skeleton = true
external_skeleton = NodePath("../../..")

[node name="b_Head_05" type="BoneAttachment3D" parent="_rootjoint/b_Hip_01"]
transform = Transform3D(0.275113, -0.961339, 0.0118043, 0.961061, 0.27466, -0.0303866, 0.0259697, 0.0197044, 0.999469, 64.7502, -8.97721, -0.000426563)
bone_name = "b_Head_05"
bone_idx = 6
use_external_skeleton = true
external_skeleton = NodePath("../../..")

[node name="b_LeftHand_011" type="BoneAttachment3D" parent="_rootjoint/b_Hip_01/b_Head_05"]
transform = Transform3D(0.874552, 0.479764, 0.070599, -0.48101, 0.876715, 0.000732539, -0.0615438, -0.0345995, 0.997504, 55.1006, -13.9819, -8.364)
bone_name = "b_LeftHand_011"
bone_idx = 12
use_external_skeleton = true
external_skeleton = NodePath("../../../..")

[node name="b_RightHand_08" type="BoneAttachment3D" parent="_rootjoint/b_Hip_01/b_Head_05"]
transform = Transform3D(0.877436, 0.479685, 0.00293391, -0.479611, 0.877153, 0.0239849, 0.00893173, -0.0224523, 0.999708, 55.5213, -13.7973, 5.53928)
bone_name = "b_RightHand_08"
bone_idx = 9
use_external_skeleton = true
external_skeleton = NodePath("../../../..")

[editable path="Fox"]
