[gd_scene load_steps=4 format=3 uid="uid://bmueapwa1c4o1"]

[ext_resource type="PackedScene" uid="uid://c7cddg60ptw4l" path="res://ewbik_samples/art/Fox_corrected_bone_directions.glb" id="1_cy4mh"]

[sub_resource type="SkeletonModification3DEWBIK" id="SkeletonModification3DEWBIK_arbsc"]
root_bone = "_rootJoint"
default_damp = 0.0872665
ik_iterations = 20
pin_count = 7
pins/0/name = "b_Hip_01"
pins/0/target_node = NodePath("../../../../b_Hip_01")
pins/0/use_node_rotation = true
pins/0/depth_falloff = 1.0
pins/1/name = "b_LeftHand_011"
pins/1/target_node = NodePath("../../../../b_LeftHand_011")
pins/1/use_node_rotation = true
pins/1/depth_falloff = 1.0
pins/2/name = "b_RightHand_08"
pins/2/target_node = NodePath("../../../../b_RightHand_08")
pins/2/use_node_rotation = true
pins/2/depth_falloff = 1.0
pins/3/name = "b_LeftFoot02_018"
pins/3/target_node = NodePath("../../../../b_LeftFoot02_018")
pins/3/use_node_rotation = true
pins/3/depth_falloff = 1.0
pins/4/name = "b_Head_05"
pins/4/target_node = NodePath("../../../../b_Head_05")
pins/4/use_node_rotation = true
pins/4/depth_falloff = 1.0
pins/5/name = "_rootjoint"
pins/5/target_node = NodePath("../../../../_rootjoint")
pins/5/use_node_rotation = true
pins/5/depth_falloff = 1.0
pins/6/name = "b_RightFoot02_022"
pins/6/target_node = NodePath("b_RightFoot02_022")
pins/6/use_node_rotation = true
pins/6/depth_falloff = 1.0

[sub_resource type="SkeletonModificationStack3D" id="SkeletonModificationStack3D_wpwf5"]
enabled = true
modification_count = 1
modifications/0 = SubResource( "SkeletonModification3DEWBIK_arbsc" )

[node name="Node3D" type="Node3D"]

[node name="Fox" parent="." instance=ExtResource( "1_cy4mh" )]

[node name="Skeleton3D" parent="Fox/Fox/root" index="0"]
bones/1/rotation = Quaternion(-0.274888, 0.000100442, -2.88586e-05, 0.961476)
bones/1/scale = Vector3(1, 0.999992, 0.999996)
bones/2/position = Vector3(6.0536e-07, 50.6054, -0.00275612)
bones/2/rotation = Quaternion(0.0466496, -0.705643, -0.0465975, 0.705493)
bones/2/scale = Vector3(1.00118, 1.00034, 1)
bones/3/position = Vector3(9.00969, 9.17015, 6.36743e-05)
bones/3/rotation = Quaternion(8.17592e-05, -6.43521e-06, -0.852717, 0.522373)
bones/3/scale = Vector3(1.00072, 1.00066, 0.999999)
bones/4/position = Vector3(1.52588e-05, 21.662, 1.22469e-07)
bones/4/rotation = Quaternion(5.36445e-05, 0.000184009, -0.0609799, 0.998139)
bones/4/scale = Vector3(1.00054, 1.0006, 1.00075)
bones/5/position = Vector3(-3.47184, 25.4224, 0.000191079)
bones/5/rotation = Quaternion(-0.000117551, -0.0011232, 0.373444, 0.927652)
bones/5/scale = Vector3(1.00016, 1.00022, 0.999996)
bones/6/position = Vector3(0.00270271, 13.374, -4.39584e-07)
bones/6/rotation = Quaternion(-7.63588e-05, 0.000882988, -0.400768, 0.916179)
bones/6/scale = Vector3(0.999554, 0.9997, 0.999628)
bones/7/position = Vector3(1.72395, 19.0943, 6.97034)
bones/7/rotation = Quaternion(0.000403139, 0.000470314, -0.665033, 0.746814)
bones/7/scale = Vector3(1.00046, 1.00001, 0.999912)
bones/8/position = Vector3(0.000388145, 23.0544, -0.000182152)
bones/8/rotation = Quaternion(0.000256272, -6.80681e-05, 0.0555224, 0.998457)
bones/8/scale = Vector3(1.00038, 1.00064, 1.00019)
bones/9/position = Vector3(5.72205e-06, 19.3494, -0.000166416)
bones/9/rotation = Quaternion(0.00773882, -0.0120945, 0.448725, 0.893555)
bones/9/scale = Vector3(0.999418, 0.999092, 0.999838)
bones/10/position = Vector3(1.72409, 19.0949, -6.97069)
bones/10/rotation = Quaternion(0.000866869, 0.000556772, -0.665015, 0.746829)
bones/10/scale = Vector3(1.0006, 1.00025, 0.999723)
bones/11/position = Vector3(-0.000325203, 23.0588, 0.00038147)
bones/11/rotation = Quaternion(0.000614112, 4.39714e-05, 0.055664, 0.998449)
bones/11/scale = Vector3(1.00012, 1.0004, 1.00015)
bones/12/position = Vector3(-1.14441e-05, 19.3477, 2.09808e-05)
bones/12/rotation = Quaternion(-0.0143264, 0.016642, 0.448197, 0.893665)
bones/12/scale = Vector3(0.999807, 0.999996, 1.00001)
bones/13/position = Vector3(-8.40098, 14.2272, 0.000209717)
bones/13/rotation = Quaternion(5.30452e-06, -3.59209e-06, 0.837095, 0.547057)
bones/13/scale = Vector3(1.00064, 1.00066, 0.999999)
bones/14/position = Vector3(-0.0012207, 12.4184, -1.88593e-08)
bones/14/rotation = Quaternion(-2.17314e-09, -7.8945e-09, -0.0695695, 0.997577)
bones/14/scale = Vector3(1.00076, 1.00071, 1)
bones/15/position = Vector3(-0.00105286, 24.2502, -2.72412e-08)
bones/15/rotation = Quaternion(-1.97478e-09, -1.20991e-08, -0.0538173, 0.998551)
bones/15/scale = Vector3(1.00055, 1.00054, 1)
bones/16/position = Vector3(-0.303076, 7.04732, -6.97233)
bones/16/rotation = Quaternion(0.000245354, 8.67251e-06, 0.989891, 0.141831)
bones/16/scale = Vector3(1.00103, 1.00067, 0.999999)
bones/17/position = Vector3(0.00106049, 18.9554, 0.00015831)
bones/17/rotation = Quaternion(-3.55446e-05, -0.000194435, -0.377143, 0.926155)
bones/17/scale = Vector3(1.00089, 1.00072, 1.00046)
bones/18/position = Vector3(-0.0013504, 17.9418, -0.000197887)
bones/18/rotation = Quaternion(0.000151338, -6.85726e-05, 0.460827, 0.88749)
bones/18/scale = Vector3(0.999757, 0.999418, 0.999652)
bones/19/position = Vector3(-0.000362396, 15.7808, -1.57356e-05)
bones/19/rotation = Quaternion(0.000408736, 0.000435511, 0.548052, 0.836444)
bones/19/scale = Vector3(0.999992, 0.999652, 0.999854)
bones/20/position = Vector3(-0.302979, 7.04893, 6.9719)
bones/20/rotation = Quaternion(-5.01225e-06, -4.69611e-06, 0.989905, 0.141731)
bones/20/scale = Vector3(1.00065, 1.00068, 0.999999)
bones/21/position = Vector3(-0.00135994, 18.9557, -0.000110626)
bones/21/rotation = Quaternion(-3.70648e-06, 1.58809e-05, -0.37538, 0.926871)
bones/21/scale = Vector3(1.00047, 1.00049, 1)
bones/22/position = Vector3(-0.00117874, 17.9522, -3.24249e-05)
bones/22/rotation = Quaternion(-4.81538e-05, -0.000148459, 0.457569, 0.889174)
bones/22/scale = Vector3(1.00104, 1.0007, 1)
bones/23/position = Vector3(-0.00279617, 15.7879, 0.000124931)
bones/23/rotation = Quaternion(2.10361e-05, -5.96695e-05, 0.549078, 0.835771)
bones/23/scale = Vector3(1.00033, 1.00076, 1.00011)
modification_stack = SubResource( "SkeletonModificationStack3D_wpwf5" )

[node name="b_Hip_01" type="BoneAttachment3D" parent="Fox/Fox/root/Skeleton3D" index="1"]
transform = Transform3D(-3.87561e-07, -5.98807e-05, -1, 0.412785, 0.911349, -5.47113e-05, 0.912114, -0.412438, 2.42828e-05, 1.38582e-05, 42.9558, -26.752)
bone_name = "b_Hip_01"
bone_idx = 2

[node name="b_LeftHand_011" type="BoneAttachment3D" parent="Fox/Fox/root/Skeleton3D" index="2"]
transform = Transform3D(0.0427274, 0.00805505, -0.999684, -0.836241, -0.550979, -0.0401965, -0.551481, 0.837546, -0.0168277, 6.94307, 6.69425, 17.8388)
bone_name = "b_LeftHand_011"
bone_idx = 12

[node name="b_RightHand_08" type="BoneAttachment3D" parent="Fox/Fox/root/Skeleton3D" index="3"]
transform = Transform3D(-0.0278519, -0.00409568, -1.0003, -0.836773, -0.550065, 0.025574, -0.550985, 0.837197, 0.0119234, -6.9675, 6.69471, 17.8278)
bone_name = "b_RightHand_08"
bone_idx = 9

[node name="b_LeftFoot02_018" type="BoneAttachment3D" parent="Fox/Fox/root/Skeleton3D" index="4"]
transform = Transform3D(-2.05043e-05, -0.000149779, -0.999968, -0.997714, -0.0855323, 3.31566e-05, -0.0864388, 0.998519, -0.000149746, 6.96534, 0.992589, -32.8905)
bone_name = "b_LeftFoot02_018"
bone_idx = 19

[node name="b_RightFoot02_022" type="BoneAttachment3D" parent="Fox/Fox/root/Skeleton3D" index="5"]
transform = Transform3D(6.04435e-05, 0.000311174, -1.00011, -0.998968, -0.086549, -8.68152e-05, -0.087428, 1.00012, 0.000304931, -6.96546, 0.909533, -32.8686)
bone_name = "b_RightFoot02_022"
bone_idx = 23

[node name="b_Head_05" type="BoneAttachment3D" parent="Fox/Fox/root/Skeleton3D" index="6"]
transform = Transform3D(-6.52741e-07, 2.00461e-06, -1.00037, -0.975656, -0.225931, -3.63681e-07, -0.226686, 0.976202, 2.16454e-06, 1.55764e-05, 60.7256, 36.1546)
bone_name = "b_Head_05"
bone_idx = 6

[node name="_rootjoint" type="BoneAttachment3D" parent="Fox/Fox/root/Skeleton3D" index="7"]
bone_name = "_rootJoint"
bone_idx = 0

[node name="b_Hip_01" type="Position3D" parent="."]
transform = Transform3D(-4.29153e-06, 1.1012e-05, -1, 0.401677, 0.915781, 8.32698e-06, 0.915782, -0.401677, -8.41766e-06, 7.20022e-07, 42.9381, -26.7486)

[node name="b_LeftHand_011" type="Position3D" parent="."]
transform = Transform3D(0.0427082, 0.00805285, -0.999055, -0.834266, -0.549902, -0.0400962, -0.549706, 0.83519, -0.0167672, 6.94305, 6.6946, 17.8388)

[node name="b_RightHand_08" type="Position3D" parent="."]
transform = Transform3D(-0.0278453, -0.00409405, -0.999604, -0.835118, -0.549478, 0.0255138, -0.549365, 0.835498, 0.0118813, -6.96752, 6.69463, 17.8278)

[node name="b_LeftFoot02_018" type="Position3D" parent="."]
transform = Transform3D(-2.03698e-05, -0.000151521, -1, -0.996309, -0.0858315, 3.32661e-05, -0.0858316, 0.996309, -0.000149278, 6.96534, 0.992615, -32.8905)

[node name="b_RightFoot02_022" type="Position3D" parent="."]
transform = Transform3D(1.97293e-05, 0.000307259, -1, -0.996239, -0.0866504, -4.6313e-05, -0.0866505, 0.996239, 0.000304329, -6.96533, 0.984612, -32.8871)

[node name="b_Head_05" type="Position3D" parent="."]
transform = Transform3D(2.41241e-07, 1.00397e-06, -1, -0.974152, -0.225894, -4.95551e-07, -0.225894, 0.974152, 8.59222e-07, 5.05984e-05, 60.7255, 36.1544)

[node name="_rootjoint" type="Position3D" parent="."]

[editable path="Fox"]
