[gd_scene load_steps=2 format=3 uid="uid://dp2gt1vbc4lsq"]

[ext_resource type="PackedScene" uid="uid://cafufvqxihty2" path="res://n_bone_ik/art/vroid/HairSample_Male.vrm" id="1_8t0rb"]

[node name="HairSample_Male" instance=ExtResource("1_8t0rb")]

[node name="GeneralSkeleton" parent="." index="0"]
bones/0/rotation = Quaternion(4.96839e-05, 0.0984465, -0.00099217, 0.995142)
bones/1/position = Vector3(-0.000493292, 0.99954, 0.0101213)
bones/1/rotation = Quaternion(-0.0620553, 2.90403e-05, -0.000219861, 0.998073)
bones/1/scale = Vector3(1, 1, 1)
bones/2/position = Vector3(5.06407e-07, 0.140351, 0.000754878)
bones/2/rotation = Quaternion(0.046482, -0.0433759, -0.00465319, 0.997966)
bones/2/scale = Vector3(1, 1, 1)
bones/3/position = Vector3(3.05474e-07, 0.0793362, -0.00441713)
bones/3/rotation = Quaternion(0.0456088, -0.0433192, -0.00605596, 0.998001)
bones/3/scale = Vector3(1, 1, 1)
bones/4/position = Vector3(1.1269e-06, 0.0776327, -0.00400218)
bones/4/rotation = Quaternion(0.0424459, -0.043409, -0.00442425, 0.998146)
bones/13/position = Vector3(1.08033e-07, 0.151291, -0.0106707)
bones/13/rotation = Quaternion(-1.2964e-06, 1.08592e-06, 1.46219e-07, 1)
bones/13/scale = Vector3(1, 1, 1)
bones/14/position = Vector3(-2.45497e-06, 0.089203, 0.0144575)
bones/14/rotation = Quaternion(-2.34693e-06, -6.88992e-08, -7.93906e-06, 1)
bones/14/scale = Vector3(1, 1, 1)
bones/33/position = Vector3(0.024636, 0.121012, -0.00517547)
bones/33/rotation = Quaternion(0.404221, -0.268478, -0.506674, 0.712605)
bones/33/scale = Vector3(1, 1, 1)
bones/34/position = Vector3(0.00692248, 0.123193, -0.0214503)
bones/34/rotation = Quaternion(0.0494033, 0.783494, 0.0775008, 0.614565)
bones/34/scale = Vector3(1, 1, 1)
bones/35/position = Vector3(-0.00155097, 0.219639, 0.010205)
bones/35/rotation = Quaternion(-0.100444, 0.99066, -0.0258932, 0.0885082)
bones/35/scale = Vector3(0.999999, 1, 1)
bones/36/position = Vector3(0.000599384, 0.248196, 0.020607)
bones/36/rotation = Quaternion(-7.62774e-06, 1, -2.81314e-06, -7.29657e-05)
bones/36/scale = Vector3(0.999999, 1, 1)
bones/57/position = Vector3(-0.0246341, 0.121267, -0.00517523)
bones/57/rotation = Quaternion(0.790911, -0.574212, -0.111243, 0.179901)
bones/57/scale = Vector3(1, 1, 1)
bones/58/position = Vector3(-0.00703681, 0.1232, -0.0214767)
bones/58/rotation = Quaternion(0.0869381, 0.841284, 0.0328653, 0.532543)
bones/58/scale = Vector3(1, 1, 1)
bones/59/position = Vector3(0.00155807, 0.219653, 0.0101625)
bones/59/rotation = Quaternion(0.00701819, 0.7651, -0.0381469, 0.642743)
bones/59/scale = Vector3(1, 1, 1)
bones/60/position = Vector3(-0.000604391, 0.248219, 0.0206067)
bones/60/rotation = Quaternion(4.23449e-06, 0.633433, -4.60254e-06, 0.773797)
bones/60/scale = Vector3(0.999999, 0.999999, 1)
bones/81/position = Vector3(0.084911, -0.0438809, -0.00385554)
bones/81/rotation = Quaternion(0.00170414, 0.000369485, 0.999998, 0.000822442)
bones/81/scale = Vector3(1, 1, 1)
bones/82/position = Vector3(0.0222891, 0.387273, -0.00696072)
bones/82/rotation = Quaternion(-0.0114733, 0.999782, -0.0173905, -0.00132559)
bones/82/scale = Vector3(1, 1, 1)
bones/83/position = Vector3(-0.0129794, 0.455747, 0.0314518)
bones/83/rotation = Quaternion(-0.0165033, -0.706883, 0.707122, 0.00460935)
bones/83/scale = Vector3(1, 1, 1)
bones/84/position = Vector3(-0.00139484, 0.136371, -0.0768833)
bones/84/rotation = Quaternion(0.00201533, 0.92189, -0.387438, -0.00238348)
bones/84/scale = Vector3(1, 1, 1)
bones/86/position = Vector3(-0.0849112, -0.0441942, -0.00386766)
bones/86/rotation = Quaternion(0.696013, -0.0406826, 0.716767, 0.0124971)
bones/86/scale = Vector3(1, 1, 1)
bones/87/position = Vector3(-0.0223081, 0.387358, -0.00693561)
bones/87/rotation = Quaternion(0.0114557, 0.999784, -0.0171822, -0.00231721)
bones/88/position = Vector3(0.0129782, 0.455738, 0.0314526)
bones/88/rotation = Quaternion(4.93128e-06, -0.707086, 0.707128, 3.28731e-06)
bones/88/scale = Vector3(1, 1, 1)
bones/89/position = Vector3(0.0013939, 0.136347, -0.0768855)
bones/89/rotation = Quaternion(-0.00101427, 0.921901, -0.387425, -2.28686e-05)
bones/89/scale = Vector3(1, 1, 1)

[node name="NBoneIK" type="NBoneIK" parent="GeneralSkeleton" index="3"]
root_bone = &"Root"
constraint_count = 23
constraints/0/bone_name = &"Root"
constraints/0/twist_from = 6.48041
constraints/0/twist_range = 0.58294
constraints/0/twist_current = 0.0
constraints/0/kusudama_limit_cone_count = 0
constraints/1/bone_name = &"Hips"
constraints/1/twist_from = 5.93586
constraints/1/twist_range = 0.436332
constraints/1/twist_current = 0.796
constraints/1/kusudama_limit_cone_count = 1
constraints/1/kusudama_limit_cone/0/center = Vector3(0, 1, 0)
constraints/1/kusudama_limit_cone/0/radius = 0.0174533
constraints/2/bone_name = &"Spine"
constraints/2/twist_from = 6.19592
constraints/2/twist_range = 0.523599
constraints/2/twist_current = 12.0
constraints/2/kusudama_limit_cone_count = 1
constraints/2/kusudama_limit_cone/0/center = Vector3(0, 1, 0)
constraints/2/kusudama_limit_cone/0/radius = 0.0174533
constraints/3/bone_name = &"Chest"
constraints/3/twist_from = 6.19592
constraints/3/twist_range = 0.523599
constraints/3/twist_current = 12.0
constraints/3/kusudama_limit_cone_count = 1
constraints/3/kusudama_limit_cone/0/center = Vector3(0, 1, 0)
constraints/3/kusudama_limit_cone/0/radius = 0.0872665
constraints/4/bone_name = &"UpperChest"
constraints/4/twist_from = 6.19592
constraints/4/twist_range = 0.523599
constraints/4/twist_current = 12.0
constraints/4/kusudama_limit_cone_count = 1
constraints/4/kusudama_limit_cone/0/center = Vector3(0, 1, 0)
constraints/4/kusudama_limit_cone/0/radius = 0.0872665
constraints/5/bone_name = &"Neck"
constraints/5/twist_from = 3.14159
constraints/5/twist_range = 6.28318
constraints/5/twist_current = 0.500001
constraints/5/kusudama_limit_cone_count = 1
constraints/5/kusudama_limit_cone/0/center = Vector3(0, 1, 0)
constraints/5/kusudama_limit_cone/0/radius = 0.872665
constraints/6/bone_name = &"Head"
constraints/6/twist_from = 3.14159
constraints/6/twist_range = 6.28318
constraints/6/twist_current = 0.500001
constraints/6/kusudama_limit_cone_count = 1
constraints/6/kusudama_limit_cone/0/center = Vector3(0, 1, 0)
constraints/6/kusudama_limit_cone/0/radius = 0.174533
constraints/7/bone_name = &"LeftShoulder"
constraints/7/twist_from = 5.15047
constraints/7/twist_range = 0.523599
constraints/7/twist_current = 0.462748
constraints/7/kusudama_limit_cone_count = 1
constraints/7/kusudama_limit_cone/0/center = Vector3(1, 0, 0)
constraints/7/kusudama_limit_cone/0/radius = 1.22173
constraints/8/bone_name = &"LeftUpperArm"
constraints/8/twist_from = 1.65806
constraints/8/twist_range = 0.349066
constraints/8/twist_current = 0.427939
constraints/8/kusudama_limit_cone_count = 1
constraints/8/kusudama_limit_cone/0/center = Vector3(0, 1, 0)
constraints/8/kusudama_limit_cone/0/radius = 0.0174533
constraints/9/bone_name = &"LeftLowerArm"
constraints/9/twist_from = 2.96706
constraints/9/twist_range = 1.0472
constraints/9/twist_current = 1.27497e-05
constraints/9/kusudama_limit_cone_count = 3
constraints/9/kusudama_limit_cone/0/center = Vector3(0, 1, 0)
constraints/9/kusudama_limit_cone/0/radius = 0.0174533
constraints/9/kusudama_limit_cone/1/center = Vector3(-1, 0, 0)
constraints/9/kusudama_limit_cone/1/radius = 0.349066
constraints/9/kusudama_limit_cone/2/center = Vector3(0, -1, 0)
constraints/9/kusudama_limit_cone/2/radius = 0.0174533
constraints/10/bone_name = &"LeftHand"
constraints/10/twist_from = 3.14159
constraints/10/twist_range = 0.0872665
constraints/10/twist_current = 0.00166657
constraints/10/kusudama_limit_cone_count = 1
constraints/10/kusudama_limit_cone/0/center = Vector3(0, 1, 0)
constraints/10/kusudama_limit_cone/0/radius = 0.349066
constraints/11/bone_name = &"RightShoulder"
constraints/11/twist_from = 3.14159
constraints/11/twist_range = 0.523599
constraints/11/twist_current = 0.868435
constraints/11/kusudama_limit_cone_count = 1
constraints/11/kusudama_limit_cone/0/center = Vector3(-1, 0, 0)
constraints/11/kusudama_limit_cone/0/radius = 1.22173
constraints/12/bone_name = &"RightUpperArm"
constraints/12/twist_from = 1.65806
constraints/12/twist_range = 0.349066
constraints/12/twist_current = 0.999997
constraints/12/kusudama_limit_cone_count = 1
constraints/12/kusudama_limit_cone/0/center = Vector3(0, 1, 0)
constraints/12/kusudama_limit_cone/0/radius = 0.0174533
constraints/13/bone_name = &"RightLowerArm"
constraints/13/twist_from = 1.74533
constraints/13/twist_range = 2.0944
constraints/13/twist_current = 6.84461e-05
constraints/13/kusudama_limit_cone_count = 3
constraints/13/kusudama_limit_cone/0/center = Vector3(0, 1, 0)
constraints/13/kusudama_limit_cone/0/radius = 0.0174533
constraints/13/kusudama_limit_cone/1/center = Vector3(1, 0, 0)
constraints/13/kusudama_limit_cone/1/radius = 0.349066
constraints/13/kusudama_limit_cone/2/center = Vector3(0, -1, 0)
constraints/13/kusudama_limit_cone/2/radius = 0.0174533
constraints/14/bone_name = &"RightHand"
constraints/14/twist_from = 1.37183
constraints/14/twist_range = 0.0872665
constraints/14/twist_current = 0.00155528
constraints/14/kusudama_limit_cone_count = 1
constraints/14/kusudama_limit_cone/0/center = Vector3(0, 1, 0)
constraints/14/kusudama_limit_cone/0/radius = 0.349066
constraints/15/bone_name = &"LeftUpperLeg"
constraints/15/twist_from = 3.6233
constraints/15/twist_range = 0.523599
constraints/15/twist_current = 0.434257
constraints/15/kusudama_limit_cone_count = 1
constraints/15/kusudama_limit_cone/0/center = Vector3(0, -1, 0)
constraints/15/kusudama_limit_cone/0/radius = 0.872665
constraints/16/bone_name = &"LeftLowerLeg"
constraints/16/twist_from = 3.14159
constraints/16/twist_range = 0.0872665
constraints/16/twist_current = 0.0390905
constraints/16/kusudama_limit_cone_count = 3
constraints/16/kusudama_limit_cone/0/center = Vector3(0, 1, 0)
constraints/16/kusudama_limit_cone/0/radius = 0.0174533
constraints/16/kusudama_limit_cone/1/center = Vector3(0, 0, -1)
constraints/16/kusudama_limit_cone/1/radius = 0.0174533
constraints/16/kusudama_limit_cone/2/center = Vector3(0, -1, 0)
constraints/16/kusudama_limit_cone/2/radius = 0.0174533
constraints/17/bone_name = &"LeftFoot"
constraints/17/twist_from = 3.14159
constraints/17/twist_range = 0.523599
constraints/17/twist_current = 0.000240999
constraints/17/kusudama_limit_cone_count = 2
constraints/17/kusudama_limit_cone/0/center = Vector3(0, -1, 0)
constraints/17/kusudama_limit_cone/0/radius = 0.174533
constraints/17/kusudama_limit_cone/1/center = Vector3(0, 0, -1)
constraints/17/kusudama_limit_cone/1/radius = 0.174533
constraints/18/bone_name = &"LeftToes"
constraints/18/twist_from = 3.14159
constraints/18/twist_range = 0.523599
constraints/18/twist_current = 2.59547e-05
constraints/18/kusudama_limit_cone_count = 1
constraints/18/kusudama_limit_cone/0/center = Vector3(0, 0, -1)
constraints/18/kusudama_limit_cone/0/radius = 0.261799
constraints/19/bone_name = &"RightUpperLeg"
constraints/19/twist_from = 0.335103
constraints/19/twist_range = 0.534071
constraints/19/twist_current = 0.965274
constraints/19/kusudama_limit_cone_count = 1
constraints/19/kusudama_limit_cone/0/center = Vector3(0, -1, 0)
constraints/19/kusudama_limit_cone/0/radius = 0.872665
constraints/20/bone_name = &"RightLowerLeg"
constraints/20/twist_from = 3.14159
constraints/20/twist_range = 0.0872665
constraints/20/twist_current = 0.0444598
constraints/20/kusudama_limit_cone_count = 3
constraints/20/kusudama_limit_cone/0/center = Vector3(0, 1, 0)
constraints/20/kusudama_limit_cone/0/radius = 0.0174533
constraints/20/kusudama_limit_cone/1/center = Vector3(0, 0, -1)
constraints/20/kusudama_limit_cone/1/radius = 0.0174533
constraints/20/kusudama_limit_cone/2/center = Vector3(0, -1, 0)
constraints/20/kusudama_limit_cone/2/radius = 0.0174533
constraints/21/bone_name = &"RightFoot"
constraints/21/twist_from = 3.14159
constraints/21/twist_range = 0.523599
constraints/21/twist_current = 0.0652826
constraints/21/kusudama_limit_cone_count = 2
constraints/21/kusudama_limit_cone/0/center = Vector3(0, -1, 0)
constraints/21/kusudama_limit_cone/0/radius = 0.174533
constraints/21/kusudama_limit_cone/1/center = Vector3(0, 0, -1)
constraints/21/kusudama_limit_cone/1/radius = 0.174533
constraints/22/bone_name = &"RightToes"
constraints/22/twist_from = 3.14159
constraints/22/twist_range = 0.523599
constraints/22/twist_current = 0.0099508
constraints/22/kusudama_limit_cone_count = 1
constraints/22/kusudama_limit_cone/0/center = Vector3(0, 0, -1)
constraints/22/kusudama_limit_cone/0/radius = 0.261799
pin_count = 23
pins/0/bone_name = "Root"
pins/0/target_node = NodePath("../Root")
pins/0/passthrough_factor = 0.0
pins/0/weight = 0.3
pins/0/direction_priorities = Vector3(0, 0, 0)
pins/1/bone_name = "Hips"
pins/1/target_node = NodePath("../Hips")
pins/1/passthrough_factor = 0.0
pins/1/weight = 0.3
pins/1/direction_priorities = Vector3(0, 0, 0)
pins/2/bone_name = "Spine"
pins/2/target_node = NodePath("")
pins/2/passthrough_factor = 1.0
pins/2/weight = 1.0
pins/2/direction_priorities = Vector3(0, 0, 0)
pins/3/bone_name = "Chest"
pins/3/target_node = NodePath("")
pins/3/passthrough_factor = 1.0
pins/3/weight = 1.0
pins/3/direction_priorities = Vector3(0, 0, 0)
pins/4/bone_name = "UpperChest"
pins/4/target_node = NodePath("")
pins/4/passthrough_factor = 1.0
pins/4/weight = 0.01
pins/4/direction_priorities = Vector3(0, 0, 0)
pins/5/bone_name = "Neck"
pins/5/target_node = NodePath("../Neck")
pins/5/passthrough_factor = 1.0
pins/5/weight = 1.0
pins/5/direction_priorities = Vector3(0, 0, 0)
pins/6/bone_name = "Head"
pins/6/target_node = NodePath("../Head")
pins/6/passthrough_factor = 1.0
pins/6/weight = 1.0
pins/6/direction_priorities = Vector3(0, 0, 0)
pins/7/bone_name = "LeftShoulder"
pins/7/target_node = NodePath("../LeftShoulder")
pins/7/passthrough_factor = 1.0
pins/7/weight = 1.0
pins/7/direction_priorities = Vector3(0, 0, 0)
pins/8/bone_name = "LeftUpperArm"
pins/8/target_node = NodePath("../LeftUpperArm")
pins/8/passthrough_factor = 1.0
pins/8/weight = 1.0
pins/8/direction_priorities = Vector3(0, 0, 0)
pins/9/bone_name = "LeftLowerArm"
pins/9/target_node = NodePath("../LeftLowerArm")
pins/9/passthrough_factor = 1.0
pins/9/weight = 1.0
pins/9/direction_priorities = Vector3(0, 0, 0)
pins/10/bone_name = "LeftHand"
pins/10/target_node = NodePath("../LeftHand")
pins/10/passthrough_factor = 1.0
pins/10/weight = 1.0
pins/10/direction_priorities = Vector3(0, 0, 0)
pins/11/bone_name = "RightShoulder"
pins/11/target_node = NodePath("../RightShoulder")
pins/11/passthrough_factor = 1.0
pins/11/weight = 1.0
pins/11/direction_priorities = Vector3(0, 0, 0)
pins/12/bone_name = "RightUpperArm"
pins/12/target_node = NodePath("../RightUpperArm")
pins/12/passthrough_factor = 1.0
pins/12/weight = 1.0
pins/12/direction_priorities = Vector3(0, 0, 0)
pins/13/bone_name = "RightLowerArm"
pins/13/target_node = NodePath("../RightLowerArm")
pins/13/passthrough_factor = 1.0
pins/13/weight = 1.0
pins/13/direction_priorities = Vector3(0, 0, 0)
pins/14/bone_name = "RightHand"
pins/14/target_node = NodePath("../RightHand")
pins/14/passthrough_factor = 1.0
pins/14/weight = 1.0
pins/14/direction_priorities = Vector3(0, 0, 0)
pins/15/bone_name = "LeftUpperLeg"
pins/15/target_node = NodePath("../LeftUpperLeg")
pins/15/passthrough_factor = 1.0
pins/15/weight = 1.0
pins/15/direction_priorities = Vector3(0, 0, 0)
pins/16/bone_name = "LeftLowerLeg"
pins/16/target_node = NodePath("../LeftLowerLeg")
pins/16/passthrough_factor = 1.0
pins/16/weight = 1.0
pins/16/direction_priorities = Vector3(0, 0, 0)
pins/17/bone_name = "LeftFoot"
pins/17/target_node = NodePath("../LeftFoot")
pins/17/passthrough_factor = 1.0
pins/17/weight = 1.0
pins/17/direction_priorities = Vector3(0, 0, 0)
pins/18/bone_name = "LeftToes"
pins/18/target_node = NodePath("")
pins/18/passthrough_factor = 1.0
pins/18/weight = 1.0
pins/18/direction_priorities = Vector3(0, 0, 0)
pins/19/bone_name = "RightUpperLeg"
pins/19/target_node = NodePath("../RightUpperLeg")
pins/19/passthrough_factor = 1.0
pins/19/weight = 1.0
pins/19/direction_priorities = Vector3(0, 0, 0)
pins/20/bone_name = "RightLowerLeg"
pins/20/target_node = NodePath("../RightLowerLeg")
pins/20/passthrough_factor = 1.0
pins/20/weight = 1.0
pins/20/direction_priorities = Vector3(0, 0, 0)
pins/21/bone_name = "RightFoot"
pins/21/target_node = NodePath("../RightFoot")
pins/21/passthrough_factor = 1.0
pins/21/weight = 1.0
pins/21/direction_priorities = Vector3(0, 0, 0)
pins/22/bone_name = "RightToes"
pins/22/target_node = NodePath("")
pins/22/passthrough_factor = 1.0
pins/22/weight = 1.0
pins/22/direction_priorities = Vector3(0, 0, 0)

[node name="Root" type="BoneAttachment3D" parent="GeneralSkeleton" index="4"]
transform = Transform3D(0.980615, 0.00198448, 0.195936, -0.00196492, 0.999998, -0.000294236, -0.195937, -9.64663e-05, 0.980617, 0, 0, 0)
bone_name = "Root"
bone_idx = 0

[node name="Hips" type="BoneAttachment3D" parent="GeneralSkeleton" index="5"]
transform = Transform3D(0.980607, -0.0218749, 0.194757, -0.00240739, 0.992332, 0.123579, -0.195967, -0.121651, 0.973035, 0.00348296, 0.999536, 0.00992531)
bone_name = "Hips"
bone_idx = 1

[node name="Neck" type="BoneAttachment3D" parent="GeneralSkeleton" index="6"]
transform = Transform3D(0.997435, 0.0266406, -0.0664307, -0.0358352, 0.989317, -0.141309, 0.0619565, 0.143327, 0.987734, 0.00637338, 1.44697, -0.00159133)
bone_name = "Neck"
bone_idx = 13

[node name="Head" type="BoneAttachment3D" parent="GeneralSkeleton" index="7"]
transform = Transform3D(0.997435, 0.0266567, -0.0664307, -0.0358509, 0.989317, -0.141305, 0.0619543, 0.143324, 0.987734, 0.00778693, 1.53317, 0.0254739)
bone_name = "Head"
bone_idx = 14

[node name="LeftShoulder" type="BoneAttachment3D" parent="GeneralSkeleton" index="8"]
transform = Transform3D(0.318296, 0.451683, -0.833468, -0.93759, 0.020111, -0.34716, -0.140045, 0.891952, 0.429895, 0.0297744, 1.41535, 0.00102295)
bone_name = "LeftShoulder"
bone_idx = 33

[node name="LeftUpperArm" type="BoneAttachment3D" parent="GeneralSkeleton" index="9"]
transform = Transform3D(0.797946, 0.286543, 0.530259, 0.559912, -0.0267391, -0.82812, -0.223113, 0.957694, -0.181775, 0.1055, 1.41879, 0.100714)
bone_name = "LeftUpperArm"
bone_idx = 34

[node name="LeftLowerArm" type="BoneAttachment3D" parent="GeneralSkeleton" index="10"]
transform = Transform3D(-0.917911, 0.0886017, -0.386765, -0.393484, -0.0778173, 0.916031, 0.0510651, 0.993022, 0.106293, 0.17261, 1.40359, 0.309552)
bone_name = "LeftLowerArm"
bone_idx = 35

[node name="LeftHand" type="BoneAttachment3D" parent="GeneralSkeleton" index="11"]
transform = Transform3D(0.917852, 0.0886179, 0.386898, 0.393619, -0.0778164, -0.915973, -0.0510647, 0.99302, -0.106306, 0.18608, 1.40292, 0.558238)
bone_name = "LeftHand"
bone_idx = 36

[node name="RightShoulder" type="BoneAttachment3D" parent="GeneralSkeleton" index="12"]
transform = Transform3D(0.287701, -0.90079, -0.325278, -0.953843, -0.300036, -0.012765, -0.0860965, 0.313937, -0.945532, -0.0193626, 1.41737, -0.00199302)
bone_name = "RightShoulder"
bone_idx = 57

[node name="RightUpperArm" type="BoneAttachment3D" parent="GeneralSkeleton" index="13"]
transform = Transform3D(0.00613821, -0.90132, 0.43311, 0.355374, -0.402879, -0.843444, 0.934704, 0.159093, 0.317832, -0.125378, 1.38739, 0.0575967)
bone_name = "RightUpperArm"
bone_idx = 58

[node name="RightLowerArm" type="BoneAttachment3D" parent="GeneralSkeleton" index="14"]
transform = Transform3D(-0.392753, -0.919615, -0.00722075, 0.783712, -0.338799, 0.520585, -0.481184, 0.198803, 0.853778, -0.318945, 1.29088, 0.0972283)
bone_name = "RightLowerArm"
bone_idx = 59

[node name="RightHand" type="BoneAttachment3D" parent="GeneralSkeleton" index="15"]
transform = Transform3D(-0.0704983, -0.919619, -0.386429, -0.355525, -0.338789, 0.871104, -0.932002, 0.198797, -0.303064, -0.547122, 1.21704, 0.164459)
bone_name = "RightHand"
bone_idx = 60

[node name="LeftUpperLeg" type="BoneAttachment3D" parent="GeneralSkeleton" index="16"]
transform = Transform3D(-0.979973, 0.0204076, 0.198082, 0.004462, -0.992235, 0.124301, 0.199081, 0.122695, 0.972272, 0.0869563, 0.955311, -0.00512782)
bone_name = "LeftUpperLeg"
bone_idx = 81

[node name="LeftLowerLeg" type="BoneAttachment3D" parent="GeneralSkeleton" index="17"]
transform = Transform3D(0.979849, 0.0360352, -0.196465, 0.0186359, -0.995794, -0.0897014, -0.198872, 0.0842325, -0.976399, 0.0716381, 0.570279, 0.0400583)
bone_name = "LeftLowerLeg"
bone_idx = 82

[node name="LeftFoot" type="BoneAttachment3D" parent="GeneralSkeleton" index="18"]
transform = Transform3D(-0.974892, 0.212891, -0.0652907, -0.0468409, 0.0905886, 0.994786, 0.217695, 0.972867, -0.0783421, 0.069164, 0.113385, 0.0503187)
bone_name = "LeftFoot"
bone_idx = 83

[node name="RightUpperLeg" type="BoneAttachment3D" parent="GeneralSkeleton" index="19"]
transform = Transform3D(0.165143, -0.0592751, 0.984487, 0.0850823, -0.993615, -0.0740969, 0.982593, 0.095999, -0.159045, -0.0795681, 0.955407, 0.028178)
bone_name = "RightUpperLeg"
bone_idx = 86

[node name="RightLowerLeg" type="BoneAttachment3D" parent="GeneralSkeleton" index="20"]
transform = Transform3D(-0.162286, -0.0893312, -0.982692, -0.108212, -0.988276, 0.107709, -0.980792, 0.123819, 0.150717, -0.113041, 0.569138, 0.0445473)
bone_name = "RightLowerLeg"
bone_idx = 87

[node name="RightFoot" type="BoneAttachment3D" parent="GeneralSkeleton" index="21"]
transform = Transform3D(0.162275, 0.982699, 0.0892725, 0.108216, -0.10765, 0.988282, 0.980794, -0.150713, -0.123813, -0.186767, 0.120727, 0.0929879)
bone_name = "RightFoot"
bone_idx = 88
