[gd_scene load_steps=2 format=3 uid="uid://dp2gt1vbc4lsq"]

[ext_resource type="PackedScene" uid="uid://cafufvqxihty2" path="res://n_bone_ik/art/vroid/HairSample_Male.vrm" id="1_8t0rb"]

[node name="HairSample_Male" instance=ExtResource("1_8t0rb")]

[node name="GeneralSkeleton" parent="." index="0"]
bones/0/rotation = Quaternion(4.9684e-05, 0.0984465, -0.00099217, 0.995142)
bones/0/scale = Vector3(1, 1, 1)
bones/1/rotation = Quaternion(-0.0620486, 2.90983e-05, -0.000219918, 0.998073)
bones/1/scale = Vector3(0.999827, 1, 0.999996)
bones/2/rotation = Quaternion(0.0290958, 7.29504e-09, -5.29483e-08, 0.999577)
bones/33/rotation = Quaternion(-0.407341, -0.358751, -0.581285, 0.6062)
bones/33/scale = Vector3(1.00007, 0.999979, 1.00002)
bones/34/rotation = Quaternion(-0.021036, 0.998268, 0.0549342, 0.000585963)
bones/34/scale = Vector3(0.99994, 0.999996, 0.999915)
bones/35/rotation = Quaternion(-0.000645193, 0.904913, -0.0492834, -0.422733)
bones/35/scale = Vector3(1.00003, 0.999994, 1.00001)
bones/36/rotation = Quaternion(-1.58889e-06, 1, -4.7496e-07, -1.31826e-06)
bones/36/scale = Vector3(0.999985, 1.00002, 0.999997)
bones/57/rotation = Quaternion(-0.620895, 0.781703, 0.0448399, -0.0376766)
bones/57/scale = Vector3(1, 1, 0.999848)
bones/58/rotation = Quaternion(0.0210357, 0.998268, 0.0549333, -0.000585982)
bones/58/scale = Vector3(0.999956, 0.999999, 0.999975)
bones/59/rotation = Quaternion(0.00700111, 0.765054, -0.038137, 0.642798)
bones/59/scale = Vector3(1.00001, 1, 1.00001)
bones/60/rotation = Quaternion(-1.38542e-06, 0.633383, 1.38757e-06, 0.773839)
bones/60/scale = Vector3(0.99989, 1.00015, 0.999935)
bones/82/rotation = Quaternion(-0.0102524, 0.999787, -0.0179218, 0.000339963)
bones/82/scale = Vector3(0.999399, 0.999883, 1.00107)
bones/83/rotation = Quaternion(-0.0164867, -0.706883, 0.707124, 0.00460707)
bones/83/scale = Vector3(0.99982, 0.999863, 0.999915)
bones/84/rotation = Quaternion(0.00218692, 0.965889, -0.258927, -0.00331483)
bones/84/scale = Vector3(0.999949, 0.9997, 0.999942)
bones/86/rotation = Quaternion(0.694648, -0.0399645, 0.71813, 0.0124707)
bones/86/scale = Vector3(1.00021, 1.00009, 0.999937)
bones/87/rotation = Quaternion(0.0101637, 0.999788, -0.0178483, -0.00120963)
bones/87/scale = Vector3(0.999923, 0.999965, 0.999911)
bones/89/rotation = Quaternion(-0.000695625, 0.965959, -0.258695, 5.26505e-07)
bones/89/scale = Vector3(1.00007, 1.00004, 1)

[node name="NBoneIK" type="NBoneIK" parent="GeneralSkeleton" index="3"]
root_bone = &"Root"
edit_constraints = true
constraint_count = 23
constraints/0/bone_name = &"Root"
constraints/0/twist_from = 6.48041
constraints/0/twist_range = 0.58294
constraints/0/twist_current = 10.7784
constraints/0/kusudama_limit_cone_count = 0
constraints/1/bone_name = &"Hips"
constraints/1/twist_from = 5.93586
constraints/1/twist_range = 0.436332
constraints/1/twist_current = 0.796011
constraints/1/kusudama_limit_cone_count = 1
constraints/1/kusudama_limit_cone/0/center = Vector3(0, 1, 0)
constraints/1/kusudama_limit_cone/0/radius = 0.0174533
constraints/2/bone_name = &"Spine"
constraints/2/twist_from = 6.19592
constraints/2/twist_range = 0.523599
constraints/2/twist_current = 0.166664
constraints/2/kusudama_limit_cone_count = 1
constraints/2/kusudama_limit_cone/0/center = Vector3(0, 1, 0)
constraints/2/kusudama_limit_cone/0/radius = 0.0174533
constraints/3/bone_name = &"Chest"
constraints/3/twist_from = 6.19592
constraints/3/twist_range = 0.523599
constraints/3/twist_current = 0.166664
constraints/3/kusudama_limit_cone_count = 1
constraints/3/kusudama_limit_cone/0/center = Vector3(0, 1, 0)
constraints/3/kusudama_limit_cone/0/radius = 0.0872665
constraints/4/bone_name = &"UpperChest"
constraints/4/twist_from = 6.19592
constraints/4/twist_range = 0.523599
constraints/4/twist_current = 0.166664
constraints/4/kusudama_limit_cone_count = 1
constraints/4/kusudama_limit_cone/0/center = Vector3(0, 1, 0)
constraints/4/kusudama_limit_cone/0/radius = 0.0872665
constraints/5/bone_name = &"Neck"
constraints/5/twist_from = 3.14159
constraints/5/twist_range = 6.28318
constraints/5/twist_current = 0.500001
constraints/5/kusudama_limit_cone_count = 1
constraints/5/kusudama_limit_cone/0/center = Vector3(0, 1, 0)
constraints/5/kusudama_limit_cone/0/radius = 0.872665
constraints/6/bone_name = &"Head"
constraints/6/twist_from = 3.14159
constraints/6/twist_range = 6.28318
constraints/6/twist_current = 0.500001
constraints/6/kusudama_limit_cone_count = 1
constraints/6/kusudama_limit_cone/0/center = Vector3(0, 1, 0)
constraints/6/kusudama_limit_cone/0/radius = 0.174533
constraints/7/bone_name = &"LeftShoulder"
constraints/7/twist_from = 5.15047
constraints/7/twist_range = 0.513127
constraints/7/twist_current = 2.19619e-05
constraints/7/kusudama_limit_cone_count = 1
constraints/7/kusudama_limit_cone/0/center = Vector3(1, 0, 0)
constraints/7/kusudama_limit_cone/0/radius = 1.22173
constraints/8/bone_name = &"LeftUpperArm"
constraints/8/twist_from = 3.14159
constraints/8/twist_range = 6.28318
constraints/8/twist_current = 0.999895
constraints/8/kusudama_limit_cone_count = 1
constraints/8/kusudama_limit_cone/0/center = Vector3(0, 1, 0)
constraints/8/kusudama_limit_cone/0/radius = 0.0174533
constraints/9/bone_name = &"LeftLowerArm"
constraints/9/twist_from = 2.96706
constraints/9/twist_range = 1.0472
constraints/9/twist_current = 0.999968
constraints/9/kusudama_limit_cone_count = 3
constraints/9/kusudama_limit_cone/0/center = Vector3(0, 1, 0)
constraints/9/kusudama_limit_cone/0/radius = 0.0174533
constraints/9/kusudama_limit_cone/1/center = Vector3(-1, 0, 0)
constraints/9/kusudama_limit_cone/1/radius = 0.0872665
constraints/9/kusudama_limit_cone/2/center = Vector3(0, -1, 0)
constraints/9/kusudama_limit_cone/2/radius = 0.0174533
constraints/10/bone_name = &"LeftHand"
constraints/10/twist_from = 3.14159
constraints/10/twist_range = 0.0872665
constraints/10/twist_current = 0.0
constraints/10/kusudama_limit_cone_count = 1
constraints/10/kusudama_limit_cone/0/center = Vector3(0, 1, 0)
constraints/10/kusudama_limit_cone/0/radius = 0.349066
constraints/11/bone_name = &"RightShoulder"
constraints/11/twist_from = 3.14159
constraints/11/twist_range = 0.523599
constraints/11/twist_current = 0.000111104
constraints/11/kusudama_limit_cone_count = 1
constraints/11/kusudama_limit_cone/0/center = Vector3(-1, 0, 0)
constraints/11/kusudama_limit_cone/0/radius = 1.22173
constraints/12/bone_name = &"RightUpperArm"
constraints/12/twist_from = 3.14159
constraints/12/twist_range = 6.28318
constraints/12/twist_current = 0.000105716
constraints/12/kusudama_limit_cone_count = 1
constraints/12/kusudama_limit_cone/0/center = Vector3(0, 1, 0)
constraints/12/kusudama_limit_cone/0/radius = 0.0174533
constraints/13/bone_name = &"RightLowerArm"
constraints/13/twist_from = 1.74533
constraints/13/twist_range = 2.0944
constraints/13/twist_current = 6.20407e-06
constraints/13/kusudama_limit_cone_count = 3
constraints/13/kusudama_limit_cone/0/center = Vector3(0, 1, 0)
constraints/13/kusudama_limit_cone/0/radius = 0.0174533
constraints/13/kusudama_limit_cone/1/center = Vector3(1, 0, 0)
constraints/13/kusudama_limit_cone/1/radius = 0.0872665
constraints/13/kusudama_limit_cone/2/center = Vector3(0, -1, 0)
constraints/13/kusudama_limit_cone/2/radius = 0.0174533
constraints/14/bone_name = &"RightHand"
constraints/14/twist_from = 1.37183
constraints/14/twist_range = 0.0872665
constraints/14/twist_current = 0.0
constraints/14/kusudama_limit_cone_count = 1
constraints/14/kusudama_limit_cone/0/center = Vector3(0, 1, 0)
constraints/14/kusudama_limit_cone/0/radius = 0.349066
constraints/15/bone_name = &"LeftUpperLeg"
constraints/15/twist_from = 3.6233
constraints/15/twist_range = 0.523599
constraints/15/twist_current = 0.4807
constraints/15/kusudama_limit_cone_count = 1
constraints/15/kusudama_limit_cone/0/center = Vector3(0, -1, 0)
constraints/15/kusudama_limit_cone/0/radius = 0.872665
constraints/16/bone_name = &"LeftLowerLeg"
constraints/16/twist_from = 3.14159
constraints/16/twist_range = 0.0872665
constraints/16/twist_current = 71.9999
constraints/16/kusudama_limit_cone_count = 3
constraints/16/kusudama_limit_cone/0/center = Vector3(0, 1, 0)
constraints/16/kusudama_limit_cone/0/radius = 0.0174533
constraints/16/kusudama_limit_cone/1/center = Vector3(0, 0, -1)
constraints/16/kusudama_limit_cone/1/radius = 0.0174533
constraints/16/kusudama_limit_cone/2/center = Vector3(0, -1, 0)
constraints/16/kusudama_limit_cone/2/radius = 0.0174533
constraints/17/bone_name = &"LeftFoot"
constraints/17/twist_from = 3.14159
constraints/17/twist_range = 0.523599
constraints/17/twist_current = 11.9995
constraints/17/kusudama_limit_cone_count = 2
constraints/17/kusudama_limit_cone/0/center = Vector3(0, -1, 0)
constraints/17/kusudama_limit_cone/0/radius = 0.174533
constraints/17/kusudama_limit_cone/1/center = Vector3(0, 0, -1)
constraints/17/kusudama_limit_cone/1/radius = 0.174533
constraints/18/bone_name = &"LeftToes"
constraints/18/twist_from = 3.14159
constraints/18/twist_range = 0.523599
constraints/18/twist_current = 12.0
constraints/18/kusudama_limit_cone_count = 1
constraints/18/kusudama_limit_cone/0/center = Vector3(0, 0, -1)
constraints/18/kusudama_limit_cone/0/radius = 0.261799
constraints/19/bone_name = &"RightUpperLeg"
constraints/19/twist_from = 0.335103
constraints/19/twist_range = 0.534071
constraints/19/twist_current = 0.999997
constraints/19/kusudama_limit_cone_count = 1
constraints/19/kusudama_limit_cone/0/center = Vector3(0, -1, 0)
constraints/19/kusudama_limit_cone/0/radius = 0.872665
constraints/20/bone_name = &"RightLowerLeg"
constraints/20/twist_from = 3.14159
constraints/20/twist_range = 0.0872665
constraints/20/twist_current = 0.0188438
constraints/20/kusudama_limit_cone_count = 3
constraints/20/kusudama_limit_cone/0/center = Vector3(0, 1, 0)
constraints/20/kusudama_limit_cone/0/radius = 0.0174533
constraints/20/kusudama_limit_cone/1/center = Vector3(0, 0, -1)
constraints/20/kusudama_limit_cone/1/radius = 0.0174533
constraints/20/kusudama_limit_cone/2/center = Vector3(0, -1, 0)
constraints/20/kusudama_limit_cone/2/radius = 0.0174533
constraints/21/bone_name = &"RightFoot"
constraints/21/twist_from = 3.14159
constraints/21/twist_range = 0.523599
constraints/21/twist_current = 0.0650822
constraints/21/kusudama_limit_cone_count = 2
constraints/21/kusudama_limit_cone/0/center = Vector3(0, -1, 0)
constraints/21/kusudama_limit_cone/0/radius = 0.174533
constraints/21/kusudama_limit_cone/1/center = Vector3(0, 0, -1)
constraints/21/kusudama_limit_cone/1/radius = 0.174533
constraints/22/bone_name = &"RightToes"
constraints/22/twist_from = 3.14159
constraints/22/twist_range = 0.523599
constraints/22/twist_current = 0.0140434
constraints/22/kusudama_limit_cone_count = 1
constraints/22/kusudama_limit_cone/0/center = Vector3(0, 0, -1)
constraints/22/kusudama_limit_cone/0/radius = 0.261799
pin_count = 23
pins/0/bone_name = "Root"
pins/0/target_node = NodePath("../Root")
pins/0/passthrough_factor = 0.0
pins/0/weight = 0.3
pins/0/direction_priorities = Vector3(0, 0, 0)
pins/1/bone_name = "Hips"
pins/1/target_node = NodePath("../Hips")
pins/1/passthrough_factor = 0.0
pins/1/weight = 0.3
pins/1/direction_priorities = Vector3(0, 0, 0)
pins/2/bone_name = "Spine"
pins/2/target_node = NodePath("")
pins/2/passthrough_factor = 1.0
pins/2/weight = 1.0
pins/2/direction_priorities = Vector3(0, 0, 0)
pins/3/bone_name = "Chest"
pins/3/target_node = NodePath("")
pins/3/passthrough_factor = 1.0
pins/3/weight = 1.0
pins/3/direction_priorities = Vector3(0, 0, 0)
pins/4/bone_name = "UpperChest"
pins/4/target_node = NodePath("")
pins/4/passthrough_factor = 1.0
pins/4/weight = 0.01
pins/4/direction_priorities = Vector3(0, 0, 0)
pins/5/bone_name = "Neck"
pins/5/target_node = NodePath("../Neck")
pins/5/passthrough_factor = 1.0
pins/5/weight = 1.0
pins/5/direction_priorities = Vector3(0, 0, 0)
pins/6/bone_name = "Head"
pins/6/target_node = NodePath("../Head")
pins/6/passthrough_factor = 1.0
pins/6/weight = 1.0
pins/6/direction_priorities = Vector3(0, 0, 0)
pins/7/bone_name = "LeftShoulder"
pins/7/target_node = NodePath("../LeftShoulder")
pins/7/passthrough_factor = 1.0
pins/7/weight = 1.0
pins/7/direction_priorities = Vector3(0, 0, 0)
pins/8/bone_name = "LeftUpperArm"
pins/8/target_node = NodePath("../LeftUpperArm")
pins/8/passthrough_factor = 1.0
pins/8/weight = 1.0
pins/8/direction_priorities = Vector3(0, 0, 0)
pins/9/bone_name = "LeftLowerArm"
pins/9/target_node = NodePath("../LeftLowerArm")
pins/9/passthrough_factor = 1.0
pins/9/weight = 1.0
pins/9/direction_priorities = Vector3(0, 0, 0)
pins/10/bone_name = "LeftHand"
pins/10/target_node = NodePath("../LeftHand")
pins/10/passthrough_factor = 1.0
pins/10/weight = 1.0
pins/10/direction_priorities = Vector3(0, 0, 0)
pins/11/bone_name = "RightShoulder"
pins/11/target_node = NodePath("../RightShoulder")
pins/11/passthrough_factor = 1.0
pins/11/weight = 1.0
pins/11/direction_priorities = Vector3(0, 0, 0)
pins/12/bone_name = "RightUpperArm"
pins/12/target_node = NodePath("../RightUpperArm")
pins/12/passthrough_factor = 1.0
pins/12/weight = 1.0
pins/12/direction_priorities = Vector3(0, 0, 0)
pins/13/bone_name = "RightLowerArm"
pins/13/target_node = NodePath("../RightLowerArm")
pins/13/passthrough_factor = 1.0
pins/13/weight = 1.0
pins/13/direction_priorities = Vector3(0, 0, 0)
pins/14/bone_name = "RightHand"
pins/14/target_node = NodePath("../RightHand")
pins/14/passthrough_factor = 1.0
pins/14/weight = 1.0
pins/14/direction_priorities = Vector3(0, 0, 0)
pins/15/bone_name = "LeftUpperLeg"
pins/15/target_node = NodePath("../LeftUpperLeg")
pins/15/passthrough_factor = 1.0
pins/15/weight = 1.0
pins/15/direction_priorities = Vector3(0, 0, 0)
pins/16/bone_name = "LeftLowerLeg"
pins/16/target_node = NodePath("../LeftLowerLeg")
pins/16/passthrough_factor = 1.0
pins/16/weight = 1.0
pins/16/direction_priorities = Vector3(0, 0, 0)
pins/17/bone_name = "LeftFoot"
pins/17/target_node = NodePath("../LeftFoot")
pins/17/passthrough_factor = 1.0
pins/17/weight = 1.0
pins/17/direction_priorities = Vector3(0, 0, 0)
pins/18/bone_name = "LeftToes"
pins/18/target_node = NodePath("")
pins/18/passthrough_factor = 1.0
pins/18/weight = 1.0
pins/18/direction_priorities = Vector3(0, 0, 0)
pins/19/bone_name = "RightUpperLeg"
pins/19/target_node = NodePath("../RightUpperLeg")
pins/19/passthrough_factor = 1.0
pins/19/weight = 1.0
pins/19/direction_priorities = Vector3(0, 0, 0)
pins/20/bone_name = "RightLowerLeg"
pins/20/target_node = NodePath("../RightLowerLeg")
pins/20/passthrough_factor = 1.0
pins/20/weight = 1.0
pins/20/direction_priorities = Vector3(0, 0, 0)
pins/21/bone_name = "RightFoot"
pins/21/target_node = NodePath("../RightFoot")
pins/21/passthrough_factor = 1.0
pins/21/weight = 1.0
pins/21/direction_priorities = Vector3(0, 0, 0)
pins/22/bone_name = "RightToes"
pins/22/target_node = NodePath("")
pins/22/passthrough_factor = 1.0
pins/22/weight = 1.0
pins/22/direction_priorities = Vector3(0, 0, 0)

[node name="Root" type="BoneAttachment3D" parent="GeneralSkeleton" index="4"]
transform = Transform3D(0.980615, 0.00198448, 0.195936, -0.00196492, 0.999998, -0.000294237, -0.195937, -9.6466e-05, 0.980617, 0, 0, 0)
bone_name = "Root"
bone_idx = 0

[node name="Hips" type="BoneAttachment3D" parent="GeneralSkeleton" index="5"]
transform = Transform3D(0.980438, -0.0218722, 0.194756, -0.00240709, 0.992333, 0.123565, -0.195933, -0.121638, 0.973034, 0.00349289, 1.00825, 0.00996695)
bone_name = "Hips"
bone_idx = 1

[node name="Neck" type="BoneAttachment3D" parent="GeneralSkeleton" index="6"]
transform = Transform3D(0.980438, -0.0105066, 0.195699, -0.0024072, 0.997841, 0.065635, -0.195933, -0.0648339, 0.978461, -0.00640273, 1.45343, -0.0450195)
bone_name = "Neck"
bone_idx = 13

[node name="Head" type="BoneAttachment3D" parent="GeneralSkeleton" index="7"]
transform = Transform3D(0.980438, -0.0105066, 0.195699, -0.0024072, 0.997841, 0.065635, -0.195933, -0.0648339, 0.978461, -0.00451051, 1.54325, -0.0366546)
bone_name = "Head"
bone_idx = 14

[node name="LeftShoulder" type="BoneAttachment3D" parent="GeneralSkeleton" index="8"]
transform = Transform3D(0.24765, 0.962548, 0.108671, -0.352147, -0.0150616, 0.935851, 0.90266, -0.269981, 0.335277, 0.0191333, 1.4235, -0.0425042)
bone_name = "LeftShoulder"
bone_idx = 33

[node name="LeftUpperArm" type="BoneAttachment3D" parent="GeneralSkeleton" index="9"]
transform = Transform3D(-0.288156, 0.957381, -0.00270285, 0.349188, 0.102474, -0.931374, -0.891653, -0.269316, -0.36387, 0.137049, 1.39912, -0.0767155)
bone_name = "LeftUpperArm"
bone_idx = 34

[node name="LeftLowerArm" type="BoneAttachment3D" parent="GeneralSkeleton" index="10"]
transform = Transform3D(0.221879, 0.965307, 0.136252, -0.932892, 0.169583, 0.317646, 0.283661, -0.197556, 0.938354, 0.347653, 1.41161, -0.138157)
bone_name = "LeftLowerArm"
bone_idx = 35

[node name="LeftHand" type="BoneAttachment3D" parent="GeneralSkeleton" index="11"]
transform = Transform3D(-0.221879, 0.965325, -0.136253, 0.932878, 0.169589, -0.317643, -0.283654, -0.197562, -0.938352, 0.590076, 1.45963, -0.167678)
bone_name = "LeftHand"
bone_idx = 36

[node name="RightShoulder" type="BoneAttachment3D" parent="GeneralSkeleton" index="12"]
transform = Transform3D(-0.210851, -0.927898, -0.306899, -0.97123, 0.234472, -0.0416363, 0.110615, 0.289319, -0.950665, -0.0291517, 1.42362, -0.0328548)
bone_name = "RightShoulder"
bone_idx = 57

[node name="RightUpperArm" type="BoneAttachment3D" parent="GeneralSkeleton" index="13"]
transform = Transform3D(0.170678, -0.963996, 0.203009, 0.980014, 0.187431, 0.0659968, -0.101689, 0.187727, 0.976767, -0.135376, 1.4601, 0.0224254)
bone_name = "RightUpperArm"
bone_idx = 58

[node name="RightLowerArm" type="BoneAttachment3D" parent="GeneralSkeleton" index="14"]
transform = Transform3D(-0.19246, -0.96092, 0.198054, -0.242187, 0.242158, 0.939489, -0.950778, 0.132881, -0.279357, -0.344685, 1.50344, 0.0734088)
bone_name = "RightLowerArm"
bone_idx = 59

[node name="RightHand" type="BoneAttachment3D" parent="GeneralSkeleton" index="15"]
transform = Transform3D(-0.232162, -0.961059, -0.149512, -0.968716, 0.242194, -0.0517121, 0.0859122, 0.132904, -0.987172, -0.578881, 1.583, 0.101216)
bone_name = "RightHand"
bone_idx = 60

[node name="LeftUpperLeg" type="BoneAttachment3D" parent="GeneralSkeleton" index="16"]
transform = Transform3D(-0.980438, 0.0218722, 0.194756, 0.00240709, -0.992333, 0.123565, 0.195933, 0.121638, 0.973034, 0.0868792, 0.96396, -0.00505659)
bone_name = "LeftUpperLeg"
bone_idx = 81

[node name="LeftLowerLeg" type="BoneAttachment3D" parent="GeneralSkeleton" index="17"]
transform = Transform3D(0.979134, 0.0349562, -0.196652, 0.0178993, -0.995849, -0.0880229, -0.198571, 0.0826342, -0.977605, 0.0721409, 0.578715, 0.0396647)
bone_name = "LeftLowerLeg"
bone_idx = 82

[node name="LeftFoot" type="BoneAttachment3D" parent="GeneralSkeleton" index="18"]
transform = Transform3D(-0.974038, 0.213016, -0.06416, -0.0461015, 0.088888, 0.99478, 0.217307, 0.97395, -0.076756, 0.0691819, 0.12203, 0.0491534)
bone_name = "LeftFoot"
bone_idx = 83

[node name="RightUpperLeg" type="BoneAttachment3D" parent="GeneralSkeleton" index="19"]
transform = Transform3D(0.161418, -0.0580118, 0.984954, 0.0861817, -0.993723, -0.0726254, 0.983321, 0.0966158, -0.15531, -0.0794711, 0.964368, 0.0281872)
bone_name = "RightUpperLeg"
bone_idx = 86

[node name="RightLowerLeg" type="BoneAttachment3D" parent="GeneralSkeleton" index="20"]
transform = Transform3D(-0.160529, -0.0898624, -0.982616, -0.106543, -0.988508, 0.10777, -0.981391, 0.122018, 0.149016, -0.112397, 0.577975, 0.0447761)
bone_name = "RightLowerLeg"
bone_idx = 87

[node name="RightFoot" type="BoneAttachment3D" parent="GeneralSkeleton" index="21"]
transform = Transform3D(0.160529, 0.982616, 0.0898624, 0.106543, -0.10777, 0.988508, 0.981391, -0.149016, -0.122018, -0.18631, 0.12964, 0.0923171)
bone_name = "RightFoot"
bone_idx = 88
