[gd_scene load_steps=2 format=3 uid="uid://dp2gt1vbc4lsq"]

[ext_resource type="PackedScene" uid="uid://cafufvqxihty2" path="res://n_bone_ik/art/vroid/HairSample_Male.vrm" id="1_8t0rb"]

[node name="HairSample_Male" instance=ExtResource("1_8t0rb")]

[node name="GeneralSkeleton" parent="." index="0"]
bones/0/rotation = Quaternion(8.88895e-05, 0.177934, -0.00179595, 0.984041)
bones/0/scale = Vector3(0.999999, 0.999999, 1)
bones/1/position = Vector3(-0.000497765, 1.00225, 0.0101353)
bones/1/rotation = Quaternion(-0.0623755, 2.91571e-05, -0.000216572, 0.998053)
bones/1/scale = Vector3(0.999827, 1, 1)
bones/2/position = Vector3(-1.44471e-07, 0.140438, 0.000752047)
bones/2/rotation = Quaternion(0.041322, -0.0428653, -0.0102647, 0.998173)
bones/2/scale = Vector3(1.00017, 1.00017, 1.00016)
bones/3/position = Vector3(-4.47035e-08, 0.0784038, -0.00442084)
bones/3/rotation = Quaternion(0.0252966, -0.0413775, -0.0361321, 0.99817)
bones/3/scale = Vector3(0.999998, 0.999999, 0.999998)
bones/4/position = Vector3(5.20051e-06, 0.0772754, -0.00399661)
bones/4/rotation = Quaternion(0.0298661, 0.0929721, -0.0184943, 0.995049)
bones/4/scale = Vector3(1, 0.999998, 0.999999)
bones/13/position = Vector3(-9.23872e-07, 0.151224, -0.0106675)
bones/13/rotation = Quaternion(-6.8546e-07, 5.51335e-07, 1.16546e-05, 1)
bones/14/position = Vector3(-2.68221e-07, 0.0894889, 0.0144556)
bones/14/rotation = Quaternion(2.6074e-08, 3.80725e-06, 8.38656e-07, 1)
bones/14/scale = Vector3(1, 1, 1)
bones/33/position = Vector3(0.024624, 0.121027, -0.00517818)
bones/33/rotation = Quaternion(0.630715, 0.742885, 0.223949, -0.0129131)
bones/33/scale = Vector3(1, 1, 1)
bones/34/position = Vector3(0.0069536, 0.123183, -0.0214463)
bones/34/rotation = Quaternion(0.0796095, -0.770344, -0.0275366, 0.63204)
bones/34/scale = Vector3(1.00069, 1.00068, 1.00016)
bones/35/position = Vector3(-0.0015502, 0.219635, 0.0101779)
bones/35/rotation = Quaternion(0.00814269, -0.730496, 0.0357792, 0.68193)
bones/35/scale = Vector3(1, 1, 0.999994)
bones/36/position = Vector3(0.000622272, 0.248188, 0.0205796)
bones/36/rotation = Quaternion(7.0848e-07, 1, -2.55488e-06, -7.50431e-05)
bones/36/scale = Vector3(0.999982, 0.999989, 0.999996)
bones/57/position = Vector3(-0.0246311, 0.121129, -0.00517829)
bones/57/rotation = Quaternion(0.719826, -0.680563, 0.0650726, 0.120205)
bones/57/scale = Vector3(1, 1, 1)
bones/58/position = Vector3(-0.00683892, 0.123195, -0.0214812)
bones/58/rotation = Quaternion(-0.0314671, 0.886925, 0.0734339, -0.454952)
bones/58/scale = Vector3(1, 0.999999, 1)
bones/59/position = Vector3(0.00156248, 0.219628, 0.0101706)
bones/59/rotation = Quaternion(0.0840029, 0.993511, -0.0751222, -0.0153677)
bones/59/scale = Vector3(1, 1, 1)
bones/60/position = Vector3(-0.000611275, 0.248168, 0.0205997)
bones/60/rotation = Quaternion(3.68954e-06, 0.633415, 3.01448e-06, 0.773813)
bones/60/scale = Vector3(1, 1, 1)
bones/81/position = Vector3(0.0849293, -0.0440446, -0.00387231)
bones/81/rotation = Quaternion(-0.125324, -0.0275919, 0.991607, 0.0157595)
bones/81/scale = Vector3(1, 0.999926, 1)
bones/82/position = Vector3(0.0222918, 0.387299, -0.00696971)
bones/82/rotation = Quaternion(-0.00594394, 0.998667, -0.051264, 0.000960675)
bones/82/scale = Vector3(0.999369, 1, 0.999999)
bones/83/position = Vector3(-0.0129814, 0.455785, 0.0314447)
bones/83/rotation = Quaternion(-0.0164852, -0.706889, 0.707117, 0.00459992)
bones/83/scale = Vector3(0.999847, 0.999964, 0.999933)
bones/84/position = Vector3(-0.00139993, 0.136473, -0.0768932)
bones/84/rotation = Quaternion(0.00608532, 0.965955, -0.258565, -0.00613933)
bones/84/scale = Vector3(1.00002, 1.00003, 1.00003)
bones/86/position = Vector3(-0.084934, -0.0439577, -0.003851)
bones/86/rotation = Quaternion(0.0824187, -0.0608629, 0.994731, 0.00360047)
bones/86/scale = Vector3(1, 1, 1)
bones/87/position = Vector3(-0.0222883, 0.387323, -0.00695759)
bones/87/rotation = Quaternion(0.00442406, 0.998817, -0.0211054, -0.0435882)
bones/87/scale = Vector3(1.00004, 1, 1.00002)
bones/88/position = Vector3(0.0129762, 0.455602, 0.0314427)
bones/88/rotation = Quaternion(1.88736e-05, -0.707107, 0.707107, 1.889e-05)
bones/88/scale = Vector3(1, 1, 1)
bones/89/position = Vector3(0.0013973, 0.136357, -0.0768715)
bones/89/rotation = Quaternion(-0.000708868, 0.965927, -0.258813, 8.36926e-07)
bones/89/scale = Vector3(1, 1, 1)

[node name="NBoneIK" type="NBoneIK" parent="GeneralSkeleton" index="3"]
root_bone = &"Root"
edit_constraints = true
constraint_count = 23
constraints/0/bone_name = &"Root"
constraints/0/twist_from = 6.27969
constraints/0/twist_range = 0.58294
constraints/0/twist_current = 0.61976
constraints/0/kusudama_limit_cone_count = 0
constraints/1/bone_name = &"Hips"
constraints/1/twist_from = 5.93586
constraints/1/twist_range = 0.436332
constraints/1/twist_current = 0.796011
constraints/1/kusudama_limit_cone_count = 1
constraints/1/kusudama_limit_cone/0/center = Vector3(0, 1, 0)
constraints/1/kusudama_limit_cone/0/radius = 0.0174533
constraints/2/bone_name = &"Spine"
constraints/2/twist_from = 6.08073
constraints/2/twist_range = 0.523599
constraints/2/twist_current = 0.220006
constraints/2/kusudama_limit_cone_count = 1
constraints/2/kusudama_limit_cone/0/center = Vector3(0, 1, 0)
constraints/2/kusudama_limit_cone/0/radius = 0.0174533
constraints/3/bone_name = &"Chest"
constraints/3/twist_from = 6.19592
constraints/3/twist_range = 0.523599
constraints/3/twist_current = 0.00125551
constraints/3/kusudama_limit_cone_count = 1
constraints/3/kusudama_limit_cone/0/center = Vector3(0, 1, 0)
constraints/3/kusudama_limit_cone/0/radius = 0.0872665
constraints/4/bone_name = &"UpperChest"
constraints/4/twist_from = 6.19592
constraints/4/twist_range = 0.523599
constraints/4/twist_current = 0.518446
constraints/4/kusudama_limit_cone_count = 1
constraints/4/kusudama_limit_cone/0/center = Vector3(0, 1, 0)
constraints/4/kusudama_limit_cone/0/radius = 0.0872665
constraints/5/bone_name = &"Neck"
constraints/5/twist_from = 3.14159
constraints/5/twist_range = 6.28318
constraints/5/twist_current = 0.500001
constraints/5/kusudama_limit_cone_count = 1
constraints/5/kusudama_limit_cone/0/center = Vector3(0, 1, 0)
constraints/5/kusudama_limit_cone/0/radius = 0.872665
constraints/6/bone_name = &"Head"
constraints/6/twist_from = 3.14159
constraints/6/twist_range = 6.28318
constraints/6/twist_current = 0.500001
constraints/6/kusudama_limit_cone_count = 1
constraints/6/kusudama_limit_cone/0/center = Vector3(0, 1, 0)
constraints/6/kusudama_limit_cone/0/radius = 0.174533
constraints/7/bone_name = &"LeftShoulder"
constraints/7/twist_from = 3.14159
constraints/7/twist_range = 0.523599
constraints/7/twist_current = 0.28652
constraints/7/kusudama_limit_cone_count = 1
constraints/7/kusudama_limit_cone/0/center = Vector3(1, 0, 0)
constraints/7/kusudama_limit_cone/0/radius = 1.22173
constraints/8/bone_name = &"LeftUpperArm"
constraints/8/twist_from = 4.10501
constraints/8/twist_range = 1.0472
constraints/8/twist_current = 0.395319
constraints/8/kusudama_limit_cone_count = 1
constraints/8/kusudama_limit_cone/0/center = Vector3(0, 1, 0)
constraints/8/kusudama_limit_cone/0/radius = 0.0174533
constraints/9/bone_name = &"LeftLowerArm"
constraints/9/twist_from = 2.54818
constraints/9/twist_range = 2.0944
constraints/9/twist_current = 0.999948
constraints/9/kusudama_limit_cone_count = 3
constraints/9/kusudama_limit_cone/0/center = Vector3(0, 1, 0)
constraints/9/kusudama_limit_cone/0/radius = 0.0174533
constraints/9/kusudama_limit_cone/1/center = Vector3(-1, 0, 0)
constraints/9/kusudama_limit_cone/1/radius = 0.0872665
constraints/9/kusudama_limit_cone/2/center = Vector3(0, -1, 0)
constraints/9/kusudama_limit_cone/2/radius = 0.0174533
constraints/10/bone_name = &"LeftHand"
constraints/10/twist_from = 3.14159
constraints/10/twist_range = 0.0872665
constraints/10/twist_current = 0.0022485
constraints/10/kusudama_limit_cone_count = 1
constraints/10/kusudama_limit_cone/0/center = Vector3(0, 1, 0)
constraints/10/kusudama_limit_cone/0/radius = 0.349066
constraints/11/bone_name = &"RightShoulder"
constraints/11/twist_from = 3.14159
constraints/11/twist_range = 0.523599
constraints/11/twist_current = 0.465107
constraints/11/kusudama_limit_cone_count = 1
constraints/11/kusudama_limit_cone/0/center = Vector3(-1, 0, 0)
constraints/11/kusudama_limit_cone/0/radius = 1.22173
constraints/12/bone_name = &"RightUpperArm"
constraints/12/twist_from = 3.14159
constraints/12/twist_range = 1.0472
constraints/12/twist_current = 0.908643
constraints/12/kusudama_limit_cone_count = 1
constraints/12/kusudama_limit_cone/0/center = Vector3(0, 1, 0)
constraints/12/kusudama_limit_cone/0/radius = 0.0174533
constraints/13/bone_name = &"RightLowerArm"
constraints/13/twist_from = 3.14159
constraints/13/twist_range = 2.0944
constraints/13/twist_current = 0.0134324
constraints/13/kusudama_limit_cone_count = 3
constraints/13/kusudama_limit_cone/0/center = Vector3(0, 1, 0)
constraints/13/kusudama_limit_cone/0/radius = 0.0174533
constraints/13/kusudama_limit_cone/1/center = Vector3(1, 0, 0)
constraints/13/kusudama_limit_cone/1/radius = 0.0872665
constraints/13/kusudama_limit_cone/2/center = Vector3(0, -1, 0)
constraints/13/kusudama_limit_cone/2/radius = 0.0174533
constraints/14/bone_name = &"RightHand"
constraints/14/twist_from = 1.37183
constraints/14/twist_range = 0.0872665
constraints/14/twist_current = 0.00104165
constraints/14/kusudama_limit_cone_count = 1
constraints/14/kusudama_limit_cone/0/center = Vector3(0, 1, 0)
constraints/14/kusudama_limit_cone/0/radius = 0.349066
constraints/15/bone_name = &"LeftUpperLeg"
constraints/15/twist_from = 3.6233
constraints/15/twist_range = 0.523599
constraints/15/twist_current = 0.518336
constraints/15/kusudama_limit_cone_count = 1
constraints/15/kusudama_limit_cone/0/center = Vector3(0, -1, 0)
constraints/15/kusudama_limit_cone/0/radius = 0.872665
constraints/16/bone_name = &"LeftLowerLeg"
constraints/16/twist_from = 3.14159
constraints/16/twist_range = 0.0872665
constraints/16/twist_current = 0.0144991
constraints/16/kusudama_limit_cone_count = 3
constraints/16/kusudama_limit_cone/0/center = Vector3(0, 1, 0)
constraints/16/kusudama_limit_cone/0/radius = 0.0174533
constraints/16/kusudama_limit_cone/1/center = Vector3(0, 0, -1)
constraints/16/kusudama_limit_cone/1/radius = 0.0174533
constraints/16/kusudama_limit_cone/2/center = Vector3(0, -1, 0)
constraints/16/kusudama_limit_cone/2/radius = 0.0174533
constraints/17/bone_name = &"LeftFoot"
constraints/17/twist_from = 3.14159
constraints/17/twist_range = 0.523599
constraints/17/twist_current = 0.000135359
constraints/17/kusudama_limit_cone_count = 2
constraints/17/kusudama_limit_cone/0/center = Vector3(0, -1, 0)
constraints/17/kusudama_limit_cone/0/radius = 0.174533
constraints/17/kusudama_limit_cone/1/center = Vector3(0, 0, -1)
constraints/17/kusudama_limit_cone/1/radius = 0.174533
constraints/18/bone_name = &"LeftToes"
constraints/18/twist_from = 3.14159
constraints/18/twist_range = 0.523599
constraints/18/twist_current = 6.28377e-05
constraints/18/kusudama_limit_cone_count = 1
constraints/18/kusudama_limit_cone/0/center = Vector3(0, 0, -1)
constraints/18/kusudama_limit_cone/0/radius = 0.261799
constraints/19/bone_name = &"RightUpperLeg"
constraints/19/twist_from = 0.335103
constraints/19/twist_range = 0.534071
constraints/19/twist_current = 0.927285
constraints/19/kusudama_limit_cone_count = 1
constraints/19/kusudama_limit_cone/0/center = Vector3(0, -1, 0)
constraints/19/kusudama_limit_cone/0/radius = 0.872665
constraints/20/bone_name = &"RightLowerLeg"
constraints/20/twist_from = 3.14159
constraints/20/twist_range = 0.0872665
constraints/20/twist_current = 0.991254
constraints/20/kusudama_limit_cone_count = 3
constraints/20/kusudama_limit_cone/0/center = Vector3(0, 1, 0)
constraints/20/kusudama_limit_cone/0/radius = 0.0174533
constraints/20/kusudama_limit_cone/1/center = Vector3(0, 0, -1)
constraints/20/kusudama_limit_cone/1/radius = 0.0174533
constraints/20/kusudama_limit_cone/2/center = Vector3(0, -1, 0)
constraints/20/kusudama_limit_cone/2/radius = 0.0174533
constraints/21/bone_name = &"RightFoot"
constraints/21/twist_from = 3.14159
constraints/21/twist_range = 0.523599
constraints/21/twist_current = 0.0652006
constraints/21/kusudama_limit_cone_count = 2
constraints/21/kusudama_limit_cone/0/center = Vector3(0, -1, 0)
constraints/21/kusudama_limit_cone/0/radius = 0.174533
constraints/21/kusudama_limit_cone/1/center = Vector3(0, 0, -1)
constraints/21/kusudama_limit_cone/1/radius = 0.174533
constraints/22/bone_name = &"RightToes"
constraints/22/twist_from = 3.14159
constraints/22/twist_range = 0.523599
constraints/22/twist_current = 0.0142418
constraints/22/kusudama_limit_cone_count = 1
constraints/22/kusudama_limit_cone/0/center = Vector3(0, 0, -1)
constraints/22/kusudama_limit_cone/0/radius = 0.261799
pin_count = 23
pins/0/bone_name = "Root"
pins/0/target_node = NodePath("../Root")
pins/0/passthrough_factor = 0.0
pins/0/weight = 0.3
pins/0/direction_priorities = Vector3(0, 0, 0)
pins/1/bone_name = "Hips"
pins/1/target_node = NodePath("../Hips")
pins/1/passthrough_factor = 0.0
pins/1/weight = 0.3
pins/1/direction_priorities = Vector3(0, 0, 0)
pins/2/bone_name = "Spine"
pins/2/target_node = NodePath("")
pins/2/passthrough_factor = 1.0
pins/2/weight = 1.0
pins/2/direction_priorities = Vector3(0, 0, 0)
pins/3/bone_name = "Chest"
pins/3/target_node = NodePath("")
pins/3/passthrough_factor = 1.0
pins/3/weight = 1.0
pins/3/direction_priorities = Vector3(0, 0, 0)
pins/4/bone_name = "UpperChest"
pins/4/target_node = NodePath("")
pins/4/passthrough_factor = 1.0
pins/4/weight = 0.01
pins/4/direction_priorities = Vector3(0, 0, 0)
pins/5/bone_name = "Neck"
pins/5/target_node = NodePath("../Neck")
pins/5/passthrough_factor = 1.0
pins/5/weight = 1.0
pins/5/direction_priorities = Vector3(0, 0, 0)
pins/6/bone_name = "Head"
pins/6/target_node = NodePath("../Head")
pins/6/passthrough_factor = 1.0
pins/6/weight = 1.0
pins/6/direction_priorities = Vector3(0, 0, 0)
pins/7/bone_name = "LeftShoulder"
pins/7/target_node = NodePath("../LeftShoulder")
pins/7/passthrough_factor = 1.0
pins/7/weight = 1.0
pins/7/direction_priorities = Vector3(0, 0, 0)
pins/8/bone_name = "LeftUpperArm"
pins/8/target_node = NodePath("../LeftUpperArm")
pins/8/passthrough_factor = 1.0
pins/8/weight = 1.0
pins/8/direction_priorities = Vector3(0, 0, 0)
pins/9/bone_name = "LeftLowerArm"
pins/9/target_node = NodePath("../LeftLowerArm")
pins/9/passthrough_factor = 1.0
pins/9/weight = 1.0
pins/9/direction_priorities = Vector3(0, 0, 0)
pins/10/bone_name = "LeftHand"
pins/10/target_node = NodePath("../LeftHand")
pins/10/passthrough_factor = 1.0
pins/10/weight = 1.0
pins/10/direction_priorities = Vector3(0, 0, 0)
pins/11/bone_name = "RightShoulder"
pins/11/target_node = NodePath("../RightShoulder")
pins/11/passthrough_factor = 1.0
pins/11/weight = 1.0
pins/11/direction_priorities = Vector3(0, 0, 0)
pins/12/bone_name = "RightUpperArm"
pins/12/target_node = NodePath("../RightUpperArm")
pins/12/passthrough_factor = 1.0
pins/12/weight = 1.0
pins/12/direction_priorities = Vector3(0, 0, 0)
pins/13/bone_name = "RightLowerArm"
pins/13/target_node = NodePath("../RightLowerArm")
pins/13/passthrough_factor = 1.0
pins/13/weight = 1.0
pins/13/direction_priorities = Vector3(0, 0, 0)
pins/14/bone_name = "RightHand"
pins/14/target_node = NodePath("../RightHand")
pins/14/passthrough_factor = 1.0
pins/14/weight = 1.0
pins/14/direction_priorities = Vector3(0, 0, 0)
pins/15/bone_name = "LeftUpperLeg"
pins/15/target_node = NodePath("../LeftUpperLeg")
pins/15/passthrough_factor = 1.0
pins/15/weight = 1.0
pins/15/direction_priorities = Vector3(0, 0, 0)
pins/16/bone_name = "LeftLowerLeg"
pins/16/target_node = NodePath("../LeftLowerLeg")
pins/16/passthrough_factor = 1.0
pins/16/weight = 1.0
pins/16/direction_priorities = Vector3(0, 0, 0)
pins/17/bone_name = "LeftFoot"
pins/17/target_node = NodePath("../LeftFoot")
pins/17/passthrough_factor = 1.0
pins/17/weight = 1.0
pins/17/direction_priorities = Vector3(0, 0, 0)
pins/18/bone_name = "LeftToes"
pins/18/target_node = NodePath("")
pins/18/passthrough_factor = 1.0
pins/18/weight = 1.0
pins/18/direction_priorities = Vector3(0, 0, 0)
pins/19/bone_name = "RightUpperLeg"
pins/19/target_node = NodePath("../RightUpperLeg")
pins/19/passthrough_factor = 1.0
pins/19/weight = 1.0
pins/19/direction_priorities = Vector3(0, 0, 0)
pins/20/bone_name = "RightLowerLeg"
pins/20/target_node = NodePath("../RightLowerLeg")
pins/20/passthrough_factor = 1.0
pins/20/weight = 1.0
pins/20/direction_priorities = Vector3(0, 0, 0)
pins/21/bone_name = "RightFoot"
pins/21/target_node = NodePath("../RightFoot")
pins/21/passthrough_factor = 1.0
pins/21/weight = 1.0
pins/21/direction_priorities = Vector3(0, 0, 0)
pins/22/bone_name = "RightToes"
pins/22/target_node = NodePath("")
pins/22/passthrough_factor = 1.0
pins/22/weight = 1.0
pins/22/direction_priorities = Vector3(0, 0, 0)

[node name="Root" type="BoneAttachment3D" parent="GeneralSkeleton" index="4"]
transform = Transform3D(0.936672, 0.00356619, 0.350189, -0.00350293, 0.999992, -0.000814062, -0.350189, -0.000464178, 0.936679, 0, 0, 0)
bone_name = "Root"
bone_idx = 0

[node name="Hips" type="BoneAttachment3D" parent="GeneralSkeleton" index="5"]
transform = Transform3D(0.936498, -0.0396613, 0.347987, -0.00393816, 0.99231, 0.123699, -0.350158, -0.117235, 0.929302, 0.00665728, 1.00224, 0.00920265)
bone_name = "Hips"
bone_idx = 1

[node name="Neck" type="BoneAttachment3D" parent="GeneralSkeleton" index="6"]
transform = Transform3D(0.924134, 0.138743, 0.356031, -0.116727, 0.989878, -0.0827623, -0.363794, 0.0349367, 0.93097, 0.0237721, 1.44742, -0.0238982)
bone_name = "Neck"
bone_idx = 13

[node name="Head" type="BoneAttachment3D" parent="GeneralSkeleton" index="7"]
transform = Transform3D(0.924132, 0.138741, 0.356038, -0.116725, 0.989878, -0.0827633, -0.363801, 0.0349373, 0.930968, 0.0413344, 1.53481, -0.0073139)
bone_name = "Head"
bone_idx = 14

[node name="LeftShoulder" type="BoneAttachment3D" parent="GeneralSkeleton" index="8"]
transform = Transform3D(0.0480602, 0.998455, -0.0284342, 0.920741, -0.0332357, 0.389184, 0.387624, -0.0447756, -0.920878, 0.0442927, 1.4142, -0.028801)
bone_name = "LeftShoulder"
bone_idx = 33

[node name="LeftUpperArm" type="BoneAttachment3D" parent="GeneralSkeleton" index="9"]
transform = Transform3D(-0.19397, 0.976658, -0.099471, 0.209204, -0.0580099, -0.976514, -0.959322, -0.210072, -0.192837, 0.168229, 1.40816, -0.0118718)
bone_name = "LeftUpperArm"
bone_idx = 34

[node name="LeftLowerArm" type="BoneAttachment3D" parent="GeneralSkeleton" index="10"]
transform = Transform3D(-0.0495793, 0.989895, 0.13794, -0.990211, -0.0303503, -0.138831, -0.133017, -0.143343, 0.981511, 0.382026, 1.38516, -0.0584866)
bone_name = "LeftLowerArm"
bone_idx = 35

[node name="LeftHand" type="BoneAttachment3D" parent="GeneralSkeleton" index="11"]
transform = Transform3D(0.0496005, 0.989883, -0.137938, 0.990172, -0.0303507, 0.138979, 0.133162, -0.143346, -0.981486, 0.630514, 1.37415, -0.0739462)
bone_name = "LeftHand"
bone_idx = 36

[node name="RightShoulder" type="BoneAttachment3D" parent="GeneralSkeleton" index="12"]
transform = Transform3D(0.0180695, -0.896032, -0.443657, -0.983275, 0.0649081, -0.171141, 0.18214, 0.439213, -0.879882, -0.00121138, 1.42005, -0.0108788)
bone_name = "RightShoulder"
bone_idx = 57

[node name="RightUpperArm" type="BoneAttachment3D" parent="GeneralSkeleton" index="13"]
transform = Transform3D(-0.256656, -0.954888, 0.149486, 0.429007, 0.0260706, 0.903109, -0.866256, 0.295802, 0.402959, -0.102191, 1.43845, 0.0608853)
bone_name = "RightUpperArm"
bone_idx = 58

[node name="RightLowerArm" type="BoneAttachment3D" parent="GeneralSkeleton" index="14"]
transform = Transform3D(0.0940008, -0.995581, 0.0034181, -0.40216, -0.0411124, -0.91483, 0.910899, 0.0845078, -0.404227, -0.310792, 1.45403, 0.128596)
bone_name = "RightLowerArm"
bone_idx = 59

[node name="RightHand" type="BoneAttachment3D" parent="GeneralSkeleton" index="15"]
transform = Transform3D(0.0152119, -0.995581, 0.0928252, 0.817342, -0.0411211, -0.574977, 0.576228, 0.084504, 0.81308, -0.55785, 1.42523, 0.140685)
bone_name = "RightHand"
bone_idx = 60

[node name="LeftUpperLeg" type="BoneAttachment3D" parent="GeneralSkeleton" index="16"]
transform = Transform3D(-0.994317, -0.00362812, 0.104965, 0.0110521, -0.997395, 0.0702271, 0.104345, 0.0709922, 0.991982, 0.0865927, 0.957721, -0.018971)
bone_name = "LeftUpperLeg"
bone_idx = 81

[node name="LeftLowerLeg" type="BoneAttachment3D" parent="GeneralSkeleton" index="17"]
transform = Transform3D(0.993523, -0.00265085, -0.106555, 0.000795572, -0.999403, 0.0322832, -0.106419, -0.0321961, -0.99377, 0.0622908, 0.571188, 0.00393648)
bone_name = "LeftLowerLeg"
bone_idx = 82

[node name="LeftFoot" type="BoneAttachment3D" parent="GeneralSkeleton" index="18"]
transform = Transform3D(-0.991077, 0.123229, -0.0269803, -0.0311271, -0.0316914, 0.998871, 0.122084, 0.991825, 0.0352811, 0.0448347, 0.11668, -0.0406054)
bone_name = "LeftFoot"
bone_idx = 83

[node name="RightUpperLeg" type="BoneAttachment3D" parent="GeneralSkeleton" index="19"]
transform = Transform3D(-0.866425, -0.0186664, 0.498653, 0.0213741, -0.999773, -0.000284158, 0.498512, 0.0104118, 0.866795, -0.0724799, 0.958479, 0.0405176)
bone_name = "RightUpperLeg"
bone_idx = 86

[node name="RightLowerLeg" type="BoneAttachment3D" parent="GeneralSkeleton" index="20"]
transform = Transform3D(0.906261, -0.045928, -0.41994, -0.0319931, -0.998682, 0.0401843, -0.42119, -0.0229884, -0.906686, -0.0638681, 0.57077, 0.0274085)
bone_name = "RightLowerLeg"
bone_idx = 87

[node name="RightFoot" type="BoneAttachment3D" parent="GeneralSkeleton" index="21"]
transform = Transform3D(-0.906283, 0.419892, 0.045928, 0.0319953, -0.0401826, 0.998681, 0.421142, 0.906708, 0.0229885, -0.0862372, 0.116617, -0.0170392)
bone_name = "RightFoot"
bone_idx = 88
