[gd_scene load_steps=2 format=3 uid="uid://dp2gt1vbc4lsq"]

[ext_resource type="PackedScene" uid="uid://cafufvqxihty2" path="res://n_bone_ik/art/vroid/HairSample_Male.vrm" id="1_8t0rb"]

[node name="HairSample_Male" instance=ExtResource("1_8t0rb")]

[node name="GeneralSkeleton" parent="." index="0"]
bones/0/rotation = Quaternion(4.96839e-05, 0.0984465, -0.00099217, 0.995142)
bones/1/position = Vector3(-0.000501042, 1.00381, 0.0101416)
bones/1/rotation = Quaternion(-0.0620566, 2.90237e-05, -0.000219711, 0.998073)
bones/1/scale = Vector3(1, 1, 1)
bones/2/position = Vector3(5.41331e-08, 0.140503, 0.000747234)
bones/2/rotation = Quaternion(0.0315376, -0.038393, 0.00240629, 0.998762)
bones/2/scale = Vector3(1, 1, 1)
bones/3/position = Vector3(-5.89527e-07, 0.0791728, -0.00441721)
bones/3/rotation = Quaternion(-0.0100343, -0.0385848, -0.0129951, 0.99912)
bones/3/scale = Vector3(1, 1, 1)
bones/4/position = Vector3(2.02935e-06, 0.0774587, -0.00400072)
bones/4/rotation = Quaternion(-0.00408066, -0.0308974, -0.0113983, 0.999449)
bones/4/scale = Vector3(1, 1, 1)
bones/13/position = Vector3(1.70246e-06, 0.151352, -0.010667)
bones/13/rotation = Quaternion(3.96745e-06, 1.43514e-06, -7.19308e-06, 1)
bones/13/scale = Vector3(1, 1, 1)
bones/14/position = Vector3(1.30385e-06, 0.0889623, 0.0144576)
bones/14/rotation = Quaternion(1.31504e-06, 1.65123e-06, -7.23236e-06, 1)
bones/14/scale = Vector3(1, 1, 0.999999)
bones/33/position = Vector3(0.0246257, 0.120979, -0.0051782)
bones/33/rotation = Quaternion(-0.0812024, -0.339688, -0.68835, 0.635761)
bones/33/scale = Vector3(1, 1, 1)
bones/34/position = Vector3(0.00688672, 0.123179, -0.0214742)
bones/34/rotation = Quaternion(0.0252728, 0.921042, 0.0767499, 0.38099)
bones/34/scale = Vector3(0.999999, 1, 1)
bones/35/position = Vector3(-0.00155057, 0.219599, 0.0101757)
bones/35/rotation = Quaternion(0.000515463, 0.929506, -0.0512076, -0.365233)
bones/35/scale = Vector3(0.999999, 0.999999, 0.999999)
bones/36/position = Vector3(0.000619411, 0.248136, 0.0205797)
bones/36/rotation = Quaternion(-3.87432e-06, 1, -3.45709e-06, -2.50339e-06)
bones/36/scale = Vector3(0.999998, 0.999998, 0.999998)
bones/57/position = Vector3(-0.0246251, 0.121075, -0.00516924)
bones/57/rotation = Quaternion(0.72681, -0.662019, -0.156897, 0.0941329)
bones/57/scale = Vector3(1, 1, 1)
bones/58/position = Vector3(-0.00691068, 0.12318, -0.0214724)
bones/58/rotation = Quaternion(0.089765, 0.807977, 0.0266377, 0.581726)
bones/58/scale = Vector3(0.999999, 1, 1)
bones/59/position = Vector3(0.00155327, 0.219599, 0.010174)
bones/59/rotation = Quaternion(0.00700708, 0.765059, -0.0381352, 0.642792)
bones/59/scale = Vector3(0.999999, 0.999999, 0.999998)
bones/60/position = Vector3(-0.00062573, 0.248154, 0.0205553)
bones/60/rotation = Quaternion(2.78501e-07, 0.63339, -2.57646e-08, 0.773832)
bones/60/scale = Vector3(0.999997, 0.999999, 0.999999)
bones/81/position = Vector3(0.0849109, -0.0440137, -0.00386429)
bones/81/rotation = Quaternion(-0.125643, -0.0275616, 0.991569, 0.015629)
bones/81/scale = Vector3(1, 1, 1)
bones/82/position = Vector3(0.0222929, 0.387287, -0.00696944)
bones/82/rotation = Quaternion(-0.00576356, 0.998665, -0.0513212, 0.00122792)
bones/82/scale = Vector3(1, 1, 1)
bones/83/position = Vector3(-0.012971, 0.455748, 0.0314224)
bones/83/rotation = Quaternion(-0.0164605, -0.706894, 0.707113, 0.00459988)
bones/83/scale = Vector3(1, 1, 1)
bones/84/position = Vector3(-0.00139911, 0.136421, -0.0768885)
bones/84/rotation = Quaternion(0.00206069, 0.921891, -0.387436, -0.00238617)
bones/84/scale = Vector3(1, 1, 1)
bones/86/position = Vector3(-0.0849154, -0.044045, -0.00384736)
bones/86/rotation = Quaternion(0.0828423, -0.060718, 0.994704, 0.00368124)
bones/86/scale = Vector3(1, 1, 1)
bones/87/position = Vector3(-0.022292, 0.387306, -0.00695676)
bones/87/rotation = Quaternion(0.00422261, 0.998764, -0.0231171, -0.0438055)
bones/87/scale = Vector3(1, 1, 1)
bones/88/position = Vector3(0.0129744, 0.455564, 0.0314423)
bones/88/rotation = Quaternion(1.30866e-05, -0.707107, 0.707107, 1.30866e-05)
bones/88/scale = Vector3(1, 1, 1)
bones/89/position = Vector3(0.00139625, 0.136345, -0.0768677)
bones/89/rotation = Quaternion(-0.00104459, 0.921883, -0.387468, 1.38979e-06)
bones/89/scale = Vector3(1, 1, 1)

[node name="NBoneIK" type="NBoneIK" parent="GeneralSkeleton" index="3"]
root_bone = &"Root"
constraint_count = 23
constraints/0/bone_name = &"Root"
constraints/0/twist_from = 6.48041
constraints/0/twist_range = 0.58294
constraints/0/twist_current = 0.0
constraints/0/kusudama_limit_cone_count = 0
constraints/1/bone_name = &"Hips"
constraints/1/twist_from = 5.93586
constraints/1/twist_range = 0.436332
constraints/1/twist_current = 0.796
constraints/1/kusudama_limit_cone_count = 1
constraints/1/kusudama_limit_cone/0/center = Vector3(0, 1, 0)
constraints/1/kusudama_limit_cone/0/radius = 0.0174533
constraints/2/bone_name = &"Spine"
constraints/2/twist_from = 6.19592
constraints/2/twist_range = 0.523599
constraints/2/twist_current = 0.0214783
constraints/2/kusudama_limit_cone_count = 1
constraints/2/kusudama_limit_cone/0/center = Vector3(0, 1, 0)
constraints/2/kusudama_limit_cone/0/radius = 0.0174533
constraints/3/bone_name = &"Chest"
constraints/3/twist_from = 6.19592
constraints/3/twist_range = 0.523599
constraints/3/twist_current = 0.016771
constraints/3/kusudama_limit_cone_count = 1
constraints/3/kusudama_limit_cone/0/center = Vector3(0, 1, 0)
constraints/3/kusudama_limit_cone/0/radius = 0.0872665
constraints/4/bone_name = &"UpperChest"
constraints/4/twist_from = 6.19592
constraints/4/twist_range = 0.523599
constraints/4/twist_current = 0.0464987
constraints/4/kusudama_limit_cone_count = 1
constraints/4/kusudama_limit_cone/0/center = Vector3(0, 1, 0)
constraints/4/kusudama_limit_cone/0/radius = 0.0872665
constraints/5/bone_name = &"Neck"
constraints/5/twist_from = 3.14159
constraints/5/twist_range = 6.28318
constraints/5/twist_current = 0.500001
constraints/5/kusudama_limit_cone_count = 1
constraints/5/kusudama_limit_cone/0/center = Vector3(0, 1, 0)
constraints/5/kusudama_limit_cone/0/radius = 0.872665
constraints/6/bone_name = &"Head"
constraints/6/twist_from = 3.14159
constraints/6/twist_range = 6.28318
constraints/6/twist_current = 0.500001
constraints/6/kusudama_limit_cone_count = 1
constraints/6/kusudama_limit_cone/0/center = Vector3(0, 1, 0)
constraints/6/kusudama_limit_cone/0/radius = 0.174533
constraints/7/bone_name = &"LeftShoulder"
constraints/7/twist_from = 5.15047
constraints/7/twist_range = 0.523599
constraints/7/twist_current = 0.0256129
constraints/7/kusudama_limit_cone_count = 1
constraints/7/kusudama_limit_cone/0/center = Vector3(1, 0, 0)
constraints/7/kusudama_limit_cone/0/radius = 1.22173
constraints/8/bone_name = &"LeftUpperArm"
constraints/8/twist_from = 3.14159
constraints/8/twist_range = 6.28318
constraints/8/twist_current = 0.874545
constraints/8/kusudama_limit_cone_count = 1
constraints/8/kusudama_limit_cone/0/center = Vector3(0, 1, 0)
constraints/8/kusudama_limit_cone/0/radius = 0.0174533
constraints/9/bone_name = &"LeftLowerArm"
constraints/9/twist_from = 2.96706
constraints/9/twist_range = 1.0472
constraints/9/twist_current = 0.880439
constraints/9/kusudama_limit_cone_count = 3
constraints/9/kusudama_limit_cone/0/center = Vector3(0, 1, 0)
constraints/9/kusudama_limit_cone/0/radius = 0.0174533
constraints/9/kusudama_limit_cone/1/center = Vector3(-1, 0, 0)
constraints/9/kusudama_limit_cone/1/radius = 0.349066
constraints/9/kusudama_limit_cone/2/center = Vector3(0, -1, 0)
constraints/9/kusudama_limit_cone/2/radius = 0.0174533
constraints/10/bone_name = &"LeftHand"
constraints/10/twist_from = 3.14159
constraints/10/twist_range = 0.0872665
constraints/10/twist_current = 0.0
constraints/10/kusudama_limit_cone_count = 1
constraints/10/kusudama_limit_cone/0/center = Vector3(0, 1, 0)
constraints/10/kusudama_limit_cone/0/radius = 0.349066
constraints/11/bone_name = &"RightShoulder"
constraints/11/twist_from = 3.14159
constraints/11/twist_range = 0.523599
constraints/11/twist_current = 0.272636
constraints/11/kusudama_limit_cone_count = 1
constraints/11/kusudama_limit_cone/0/center = Vector3(-1, 0, 0)
constraints/11/kusudama_limit_cone/0/radius = 1.22173
constraints/12/bone_name = &"RightUpperArm"
constraints/12/twist_from = 3.14159
constraints/12/twist_range = 6.28318
constraints/12/twist_current = 0.800436
constraints/12/kusudama_limit_cone_count = 1
constraints/12/kusudama_limit_cone/0/center = Vector3(0, 1, 0)
constraints/12/kusudama_limit_cone/0/radius = 0.0174533
constraints/13/bone_name = &"RightLowerArm"
constraints/13/twist_from = 1.74533
constraints/13/twist_range = 2.0944
constraints/13/twist_current = 7.11478e-06
constraints/13/kusudama_limit_cone_count = 3
constraints/13/kusudama_limit_cone/0/center = Vector3(0, 1, 0)
constraints/13/kusudama_limit_cone/0/radius = 0.0174533
constraints/13/kusudama_limit_cone/1/center = Vector3(1, 0, 0)
constraints/13/kusudama_limit_cone/1/radius = 0.349066
constraints/13/kusudama_limit_cone/2/center = Vector3(0, -1, 0)
constraints/13/kusudama_limit_cone/2/radius = 0.0174533
constraints/14/bone_name = &"RightHand"
constraints/14/twist_from = 1.37183
constraints/14/twist_range = 0.0872665
constraints/14/twist_current = 0.00028277
constraints/14/kusudama_limit_cone_count = 1
constraints/14/kusudama_limit_cone/0/center = Vector3(0, 1, 0)
constraints/14/kusudama_limit_cone/0/radius = 0.349066
constraints/15/bone_name = &"LeftUpperLeg"
constraints/15/twist_from = 3.6233
constraints/15/twist_range = 0.523599
constraints/15/twist_current = 0.529688
constraints/15/kusudama_limit_cone_count = 1
constraints/15/kusudama_limit_cone/0/center = Vector3(0, -1, 0)
constraints/15/kusudama_limit_cone/0/radius = 0.872665
constraints/16/bone_name = &"LeftLowerLeg"
constraints/16/twist_from = 3.14159
constraints/16/twist_range = 0.0872665
constraints/16/twist_current = 0.0083902
constraints/16/kusudama_limit_cone_count = 3
constraints/16/kusudama_limit_cone/0/center = Vector3(0, 1, 0)
constraints/16/kusudama_limit_cone/0/radius = 0.0174533
constraints/16/kusudama_limit_cone/1/center = Vector3(0, 0, -1)
constraints/16/kusudama_limit_cone/1/radius = 0.0174533
constraints/16/kusudama_limit_cone/2/center = Vector3(0, -1, 0)
constraints/16/kusudama_limit_cone/2/radius = 0.0174533
constraints/17/bone_name = &"LeftFoot"
constraints/17/twist_from = 3.14159
constraints/17/twist_range = 0.523599
constraints/17/twist_current = 8.89139e-05
constraints/17/kusudama_limit_cone_count = 2
constraints/17/kusudama_limit_cone/0/center = Vector3(0, -1, 0)
constraints/17/kusudama_limit_cone/0/radius = 0.174533
constraints/17/kusudama_limit_cone/1/center = Vector3(0, 0, -1)
constraints/17/kusudama_limit_cone/1/radius = 0.174533
constraints/18/bone_name = &"LeftToes"
constraints/18/twist_from = 3.14159
constraints/18/twist_range = 0.523599
constraints/18/twist_current = 12.0
constraints/18/kusudama_limit_cone_count = 1
constraints/18/kusudama_limit_cone/0/center = Vector3(0, 0, -1)
constraints/18/kusudama_limit_cone/0/radius = 0.261799
constraints/19/bone_name = &"RightUpperLeg"
constraints/19/twist_from = 0.335103
constraints/19/twist_range = 0.534071
constraints/19/twist_current = 0.908884
constraints/19/kusudama_limit_cone_count = 1
constraints/19/kusudama_limit_cone/0/center = Vector3(0, -1, 0)
constraints/19/kusudama_limit_cone/0/radius = 0.872665
constraints/20/bone_name = &"RightLowerLeg"
constraints/20/twist_from = 3.14159
constraints/20/twist_range = 0.0872665
constraints/20/twist_current = 0.995213
constraints/20/kusudama_limit_cone_count = 3
constraints/20/kusudama_limit_cone/0/center = Vector3(0, 1, 0)
constraints/20/kusudama_limit_cone/0/radius = 0.0174533
constraints/20/kusudama_limit_cone/1/center = Vector3(0, 0, -1)
constraints/20/kusudama_limit_cone/1/radius = 0.0174533
constraints/20/kusudama_limit_cone/2/center = Vector3(0, -1, 0)
constraints/20/kusudama_limit_cone/2/radius = 0.0174533
constraints/21/bone_name = &"RightFoot"
constraints/21/twist_from = 3.14159
constraints/21/twist_range = 0.523599
constraints/21/twist_current = 0.06533
constraints/21/kusudama_limit_cone_count = 2
constraints/21/kusudama_limit_cone/0/center = Vector3(0, -1, 0)
constraints/21/kusudama_limit_cone/0/radius = 0.174533
constraints/21/kusudama_limit_cone/1/center = Vector3(0, 0, -1)
constraints/21/kusudama_limit_cone/1/radius = 0.174533
constraints/22/bone_name = &"RightToes"
constraints/22/twist_from = 3.14159
constraints/22/twist_range = 0.523599
constraints/22/twist_current = 0.00987736
constraints/22/kusudama_limit_cone_count = 1
constraints/22/kusudama_limit_cone/0/center = Vector3(0, 0, -1)
constraints/22/kusudama_limit_cone/0/radius = 0.261799
pin_count = 23
pins/0/bone_name = "Root"
pins/0/target_node = NodePath("../Root")
pins/0/passthrough_factor = 0.0
pins/0/weight = 0.3
pins/0/direction_priorities = Vector3(0, 0, 0)
pins/1/bone_name = "Hips"
pins/1/target_node = NodePath("../Hips")
pins/1/passthrough_factor = 0.0
pins/1/weight = 0.3
pins/1/direction_priorities = Vector3(0, 0, 0)
pins/2/bone_name = "Spine"
pins/2/target_node = NodePath("")
pins/2/passthrough_factor = 1.0
pins/2/weight = 1.0
pins/2/direction_priorities = Vector3(0, 0, 0)
pins/3/bone_name = "Chest"
pins/3/target_node = NodePath("")
pins/3/passthrough_factor = 1.0
pins/3/weight = 1.0
pins/3/direction_priorities = Vector3(0, 0, 0)
pins/4/bone_name = "UpperChest"
pins/4/target_node = NodePath("")
pins/4/passthrough_factor = 1.0
pins/4/weight = 0.01
pins/4/direction_priorities = Vector3(0, 0, 0)
pins/5/bone_name = "Neck"
pins/5/target_node = NodePath("../Neck")
pins/5/passthrough_factor = 1.0
pins/5/weight = 1.0
pins/5/direction_priorities = Vector3(0, 0, 0)
pins/6/bone_name = "Head"
pins/6/target_node = NodePath("../Head")
pins/6/passthrough_factor = 1.0
pins/6/weight = 1.0
pins/6/direction_priorities = Vector3(0, 0, 0)
pins/7/bone_name = "LeftShoulder"
pins/7/target_node = NodePath("../LeftShoulder")
pins/7/passthrough_factor = 1.0
pins/7/weight = 1.0
pins/7/direction_priorities = Vector3(0, 0, 0)
pins/8/bone_name = "LeftUpperArm"
pins/8/target_node = NodePath("../LeftUpperArm")
pins/8/passthrough_factor = 1.0
pins/8/weight = 1.0
pins/8/direction_priorities = Vector3(0, 0, 0)
pins/9/bone_name = "LeftLowerArm"
pins/9/target_node = NodePath("../LeftLowerArm")
pins/9/passthrough_factor = 1.0
pins/9/weight = 1.0
pins/9/direction_priorities = Vector3(0, 0, 0)
pins/10/bone_name = "LeftHand"
pins/10/target_node = NodePath("../LeftHand")
pins/10/passthrough_factor = 1.0
pins/10/weight = 1.0
pins/10/direction_priorities = Vector3(0, 0, 0)
pins/11/bone_name = "RightShoulder"
pins/11/target_node = NodePath("../RightShoulder")
pins/11/passthrough_factor = 1.0
pins/11/weight = 1.0
pins/11/direction_priorities = Vector3(0, 0, 0)
pins/12/bone_name = "RightUpperArm"
pins/12/target_node = NodePath("../RightUpperArm")
pins/12/passthrough_factor = 1.0
pins/12/weight = 1.0
pins/12/direction_priorities = Vector3(0, 0, 0)
pins/13/bone_name = "RightLowerArm"
pins/13/target_node = NodePath("../RightLowerArm")
pins/13/passthrough_factor = 1.0
pins/13/weight = 1.0
pins/13/direction_priorities = Vector3(0, 0, 0)
pins/14/bone_name = "RightHand"
pins/14/target_node = NodePath("../RightHand")
pins/14/passthrough_factor = 1.0
pins/14/weight = 1.0
pins/14/direction_priorities = Vector3(0, 0, 0)
pins/15/bone_name = "LeftUpperLeg"
pins/15/target_node = NodePath("../LeftUpperLeg")
pins/15/passthrough_factor = 1.0
pins/15/weight = 1.0
pins/15/direction_priorities = Vector3(0, 0, 0)
pins/16/bone_name = "LeftLowerLeg"
pins/16/target_node = NodePath("../LeftLowerLeg")
pins/16/passthrough_factor = 1.0
pins/16/weight = 1.0
pins/16/direction_priorities = Vector3(0, 0, 0)
pins/17/bone_name = "LeftFoot"
pins/17/target_node = NodePath("../LeftFoot")
pins/17/passthrough_factor = 1.0
pins/17/weight = 1.0
pins/17/direction_priorities = Vector3(0, 0, 0)
pins/18/bone_name = "LeftToes"
pins/18/target_node = NodePath("")
pins/18/passthrough_factor = 1.0
pins/18/weight = 1.0
pins/18/direction_priorities = Vector3(0, 0, 0)
pins/19/bone_name = "RightUpperLeg"
pins/19/target_node = NodePath("../RightUpperLeg")
pins/19/passthrough_factor = 1.0
pins/19/weight = 1.0
pins/19/direction_priorities = Vector3(0, 0, 0)
pins/20/bone_name = "RightLowerLeg"
pins/20/target_node = NodePath("../RightLowerLeg")
pins/20/passthrough_factor = 1.0
pins/20/weight = 1.0
pins/20/direction_priorities = Vector3(0, 0, 0)
pins/21/bone_name = "RightFoot"
pins/21/target_node = NodePath("../RightFoot")
pins/21/passthrough_factor = 1.0
pins/21/weight = 1.0
pins/21/direction_priorities = Vector3(0, 0, 0)
pins/22/bone_name = "RightToes"
pins/22/target_node = NodePath("")
pins/22/passthrough_factor = 1.0
pins/22/weight = 1.0
pins/22/direction_priorities = Vector3(0, 0, 0)

[node name="Root" type="BoneAttachment3D" parent="GeneralSkeleton" index="4"]
transform = Transform3D(0.980615, 0.00198448, 0.195936, -0.00196492, 0.999998, -0.000294236, -0.195937, -9.64663e-05, 0.980617, 0, 0, 0)
bone_name = "Root"
bone_idx = 0

[node name="Hips" type="BoneAttachment3D" parent="GeneralSkeleton" index="5"]
transform = Transform3D(0.980607, -0.0218757, 0.194757, -0.00240708, 0.992331, 0.123582, -0.195967, -0.121654, 0.973035, 0.00348783, 1.00381, 0.00994638)
bone_name = "Hips"
bone_idx = 1

[node name="Neck" type="BoneAttachment3D" parent="GeneralSkeleton" index="6"]
transform = Transform3D(0.99937, 0.030283, -0.0185073, -0.0285021, 0.995542, 0.0899012, 0.0211472, -0.0893171, 0.995778, 0.0039044, 1.44868, -0.0498536)
bone_name = "Neck"
bone_idx = 13

[node name="Head" type="BoneAttachment3D" parent="GeneralSkeleton" index="7"]
transform = Transform3D(0.999369, 0.0302974, -0.018504, -0.0285168, 0.995542, 0.0898984, 0.0211452, -0.0893141, 0.995777, 0.00633218, 1.53855, -0.0434029)
bone_name = "Head"
bone_idx = 14

[node name="LeftShoulder" type="BoneAttachment3D" parent="GeneralSkeleton" index="8"]
transform = Transform3D(-0.213202, 0.924274, -0.316642, -0.762462, 0.0452431, 0.645448, 0.610897, 0.379038, 0.695078, 0.0274919, 1.41824, -0.0411541)
bone_name = "LeftShoulder"
bone_idx = 33

[node name="LeftUpperArm" type="BoneAttachment3D" parent="GeneralSkeleton" index="9"]
transform = Transform3D(0.469113, 0.863883, 0.183407, 0.0944117, 0.157429, -0.983006, -0.878075, 0.478458, -0.00770837, 0.146674, 1.4047, -0.00518381)
bone_name = "LeftUpperArm"
bone_idx = 34

[node name="LeftLowerArm" type="BoneAttachment3D" parent="GeneralSkeleton" index="10"]
transform = Transform3D(-0.186298, 0.824725, -0.533966, -0.730566, 0.24711, 0.636558, 0.656934, 0.508688, 0.55648, 0.337521, 1.42912, 0.101168)
bone_name = "LeftLowerArm"
bone_idx = 35

[node name="LeftHand" type="BoneAttachment3D" parent="GeneralSkeleton" index="11"]
transform = Transform3D(0.186288, 0.824728, 0.53396, 0.730566, 0.247111, -0.636555, -0.656934, 0.508678, -0.556486, 0.53106, 1.50309, 0.239251)
bone_name = "LeftHand"
bone_idx = 36

[node name="RightShoulder" type="BoneAttachment3D" parent="GeneralSkeleton" index="12"]
transform = Transform3D(0.0460736, -0.941777, -0.333066, -0.998855, -0.0477155, -0.00325332, -0.0128285, 0.332834, -0.942897, -0.0217251, 1.41974, -0.0421954)
bone_name = "RightShoulder"
bone_idx = 57

[node name="RightUpperArm" type="BoneAttachment3D" parent="GeneralSkeleton" index="13"]
transform = Transform3D(0.131557, -0.969129, 0.20852, 0.301365, -0.161293, -0.939767, 0.944388, 0.186474, 0.270843, -0.1309, 1.42083, 0.0191382)
bone_name = "RightUpperArm"
bone_idx = 58

[node name="RightLowerArm" type="BoneAttachment3D" parent="GeneralSkeleton" index="14"]
transform = Transform3D(-0.190909, -0.968643, 0.159002, 0.878687, -0.0964306, 0.467554, -0.437561, 0.228974, 0.869543, -0.341394, 1.37632, 0.0643102)
bone_name = "RightLowerArm"
bone_idx = 59

[node name="RightHand" type="BoneAttachment3D" parent="GeneralSkeleton" index="15"]
transform = Transform3D(-0.193596, -0.968642, -0.155719, -0.284674, -0.09643, 0.953759, -0.938866, 0.228974, -0.25708, -0.578379, 1.36145, 0.139279)
bone_name = "RightHand"
bone_idx = 60

[node name="LeftUpperLeg" type="BoneAttachment3D" parent="GeneralSkeleton" index="16"]
transform = Transform3D(-0.998357, -0.0131802, -0.055758, 0.00927351, -0.997521, 0.0697518, -0.0565391, 0.0691202, 0.996005, 0.0869623, 0.959451, -0.00509898)
bone_name = "LeftUpperLeg"
bone_idx = 81

[node name="LeftLowerLeg" type="BoneAttachment3D" parent="GeneralSkeleton" index="17"]
transform = Transform3D(0.998545, 0.00397342, 0.0537759, 0.00220625, -0.999457, 0.0328813, 0.0538773, -0.0327147, -0.998011, 0.0599901, 0.572845, 0.0134684)
bone_name = "LeftLowerLeg"
bone_idx = 82

[node name="LeftFoot" type="BoneAttachment3D" parent="GeneralSkeleton" index="18"]
transform = Transform3D(-0.998745, -0.0370285, -0.0337072, -0.0325173, -0.0322806, 0.99895, -0.0380777, 0.998792, 0.0310361, 0.0505386, 0.118348, -0.0335)
bone_name = "LeftFoot"
bone_idx = 83

[node name="RightUpperLeg" type="BoneAttachment3D" parent="GeneralSkeleton" index="19"]
transform = Transform3D(-0.934877, -0.018739, 0.354476, 0.0200808, -0.999798, 0.000106685, 0.354403, 0.00721789, 0.935065, -0.0795666, 0.959831, 0.0282016)
bone_name = "RightUpperLeg"
bone_idx = 86

[node name="RightLowerLeg" type="BoneAttachment3D" parent="GeneralSkeleton" index="20"]
transform = Transform3D(0.962008, -0.0412102, -0.269892, -0.0304517, -0.99857, 0.0439307, -0.271316, -0.034043, -0.961888, -0.0684501, 0.572155, 0.0165917)
bone_name = "RightLowerLeg"
bone_idx = 87

[node name="RightFoot" type="BoneAttachment3D" parent="GeneralSkeleton" index="21"]
transform = Transform3D(-0.962018, 0.269856, 0.0412101, 0.0304533, -0.0439294, 0.99857, 0.27128, 0.961898, 0.0340429, -0.0832285, 0.118229, -0.0326811)
bone_name = "RightFoot"
bone_idx = 88
