[gd_scene load_steps=2 format=3 uid="uid://dp2gt1vbc4lsq"]

[ext_resource type="PackedScene" uid="uid://cafufvqxihty2" path="res://n_bone_ik/art/vroid/HairSample_Male.vrm" id="1_8t0rb"]

[node name="HairSample_Male" instance=ExtResource("1_8t0rb")]

[node name="GeneralSkeleton" parent="." index="0"]
bones/0/rotation = Quaternion(4.96839e-05, 0.0984465, -0.00099217, 0.995142)
bones/1/position = Vector3(-0.000500032, 1.0032, 0.0101392)
bones/1/rotation = Quaternion(-0.0620566, 2.90369e-05, -0.000219682, 0.998073)
bones/1/scale = Vector3(1, 1, 1)
bones/2/position = Vector3(8.49483e-07, 0.140395, 0.00073722)
bones/2/rotation = Quaternion(0.0402692, -0.042641, -0.0124083, 0.998201)
bones/2/scale = Vector3(1, 1, 1)
bones/3/position = Vector3(1.30944e-06, 0.0790066, -0.00441795)
bones/3/rotation = Quaternion(0.0168954, -0.0413139, -0.0433286, 0.998063)
bones/3/scale = Vector3(1, 1, 1)
bones/4/position = Vector3(6.03497e-06, 0.0772448, -0.0039951)
bones/4/rotation = Quaternion(0.0269306, 0.21769, -0.0221811, 0.975394)
bones/4/scale = Vector3(1, 1, 1)
bones/13/position = Vector3(1.37091e-06, 0.151373, -0.0106709)
bones/13/rotation = Quaternion(9.68585e-07, 2.6375e-06, -3.50084e-06, 1)
bones/13/scale = Vector3(1, 1, 1)
bones/14/position = Vector3(3.62098e-06, 0.0891314, 0.014454)
bones/14/rotation = Quaternion(-7.4165e-06, 4.12314e-05, 9.29304e-06, 1)
bones/14/scale = Vector3(1, 1, 1)
bones/33/position = Vector3(0.0246274, 0.121166, -0.00517559)
bones/33/rotation = Quaternion(-0.0970994, -0.333836, -0.677033, 0.648653)
bones/33/scale = Vector3(1, 1, 1)
bones/34/position = Vector3(0.00690484, 0.123186, -0.0214375)
bones/34/rotation = Quaternion(0.0530348, 0.736238, 0.0594476, 0.672017)
bones/34/scale = Vector3(1, 1, 1)
bones/35/position = Vector3(-0.00155318, 0.219606, 0.0101838)
bones/35/rotation = Quaternion(0.00701762, 0.994584, -0.0565246, 0.0869445)
bones/35/scale = Vector3(1, 1, 1)
bones/36/position = Vector3(0.000624001, 0.248147, 0.0205921)
bones/36/rotation = Quaternion(-7.59774e-07, 1, 3.19441e-06, -5.84573e-05)
bones/36/scale = Vector3(0.999999, 0.999999, 1)
bones/57/position = Vector3(-0.024628, 0.121183, -0.00517756)
bones/57/rotation = Quaternion(0.812025, -0.533384, -0.230436, 0.0549298)
bones/57/scale = Vector3(1, 1, 1)
bones/58/position = Vector3(-0.00694716, 0.123174, -0.0214871)
bones/58/rotation = Quaternion(0.0857173, 0.841438, 0.0308859, 0.532617)
bones/58/scale = Vector3(1, 1, 1)
bones/59/position = Vector3(0.00155217, 0.219603, 0.0101568)
bones/59/rotation = Quaternion(0.00701305, 0.765077, -0.0381469, 0.642769)
bones/59/scale = Vector3(1, 1, 0.999999)
bones/60/position = Vector3(-0.00058639, 0.248151, 0.0205852)
bones/60/rotation = Quaternion(-6.74784e-06, 0.633414, -3.30549e-07, 0.773813)
bones/60/scale = Vector3(0.999998, 0.999999, 1)
bones/81/position = Vector3(0.0849159, -0.0440675, -0.00386716)
bones/81/rotation = Quaternion(0.00133328, 0.000216727, 0.999999, 0.000502533)
bones/81/scale = Vector3(1, 1, 1)
bones/82/position = Vector3(0.0222947, 0.387372, -0.00696009)
bones/82/rotation = Quaternion(-0.0109651, 0.999785, -0.0175796, -0.000930531)
bones/82/scale = Vector3(1, 1, 1)
bones/83/position = Vector3(-0.0129759, 0.455657, 0.031442)
bones/83/rotation = Quaternion(-0.0165089, -0.706885, 0.707121, 0.00460558)
bones/83/scale = Vector3(1, 1, 1)
bones/84/position = Vector3(-0.001397, 0.136345, -0.0768675)
bones/84/rotation = Quaternion(0.00203754, 0.921893, -0.387431, -0.00239293)
bones/84/scale = Vector3(1, 1, 1)
bones/86/position = Vector3(-0.08492, -0.0440457, -0.00384629)
bones/86/rotation = Quaternion(0.695343, -0.0403018, 0.717439, 0.012498)
bones/86/scale = Vector3(1, 1, 1)
bones/87/position = Vector3(-0.0222985, 0.387395, -0.00695355)
bones/87/rotation = Quaternion(0.0107802, 0.999787, -0.0174946, -0.00185206)
bones/87/scale = Vector3(1, 1, 1)
bones/88/position = Vector3(0.0129761, 0.455663, 0.0314486)
bones/88/rotation = Quaternion(-8.19258e-07, -0.707096, 0.707117, -1.95191e-06)
bones/88/scale = Vector3(1, 1, 1)
bones/89/position = Vector3(0.00139506, 0.136333, -0.0768684)
bones/89/rotation = Quaternion(-0.00102805, 0.921901, -0.387425, -7.77846e-06)
bones/89/scale = Vector3(1, 1, 1)

[node name="NBoneIK" type="NBoneIK" parent="GeneralSkeleton" index="3"]
root_bone = &"Root"
constraint_count = 23
constraints/0/bone_name = &"Root"
constraints/0/twist_from = 6.48041
constraints/0/twist_range = 0.58294
constraints/0/twist_current = 0.0
constraints/0/kusudama_limit_cone_count = 0
constraints/1/bone_name = &"Hips"
constraints/1/twist_from = 5.93586
constraints/1/twist_range = 0.436332
constraints/1/twist_current = 0.796
constraints/1/kusudama_limit_cone_count = 1
constraints/1/kusudama_limit_cone/0/center = Vector3(0, 1, 0)
constraints/1/kusudama_limit_cone/0/radius = 0.0174533
constraints/2/bone_name = &"Spine"
constraints/2/twist_from = 6.19592
constraints/2/twist_range = 0.523599
constraints/2/twist_current = 0.0
constraints/2/kusudama_limit_cone_count = 1
constraints/2/kusudama_limit_cone/0/center = Vector3(0, 1, 0)
constraints/2/kusudama_limit_cone/0/radius = 0.0174533
constraints/3/bone_name = &"Chest"
constraints/3/twist_from = 6.19592
constraints/3/twist_range = 0.523599
constraints/3/twist_current = 12.0
constraints/3/kusudama_limit_cone_count = 1
constraints/3/kusudama_limit_cone/0/center = Vector3(0, 1, 0)
constraints/3/kusudama_limit_cone/0/radius = 0.0872665
constraints/4/bone_name = &"UpperChest"
constraints/4/twist_from = 6.19592
constraints/4/twist_range = 0.523599
constraints/4/twist_current = 0.999969
constraints/4/kusudama_limit_cone_count = 1
constraints/4/kusudama_limit_cone/0/center = Vector3(0, 1, 0)
constraints/4/kusudama_limit_cone/0/radius = 0.0872665
constraints/5/bone_name = &"Neck"
constraints/5/twist_from = 6.21337
constraints/5/twist_range = 0.0872665
constraints/5/twist_current = 0.799999
constraints/5/kusudama_limit_cone_count = 1
constraints/5/kusudama_limit_cone/0/center = Vector3(0, 1, 0)
constraints/5/kusudama_limit_cone/0/radius = 0.872665
constraints/6/bone_name = &"Head"
constraints/6/twist_from = 0.0
constraints/6/twist_range = 0.0872665
constraints/6/twist_current = 0.0
constraints/6/kusudama_limit_cone_count = 1
constraints/6/kusudama_limit_cone/0/center = Vector3(0, 1, 0)
constraints/6/kusudama_limit_cone/0/radius = 0.174533
constraints/7/bone_name = &"LeftShoulder"
constraints/7/twist_from = 5.15047
constraints/7/twist_range = 0.523599
constraints/7/twist_current = 0.0916508
constraints/7/kusudama_limit_cone_count = 1
constraints/7/kusudama_limit_cone/0/center = Vector3(1, 0, 0)
constraints/7/kusudama_limit_cone/0/radius = 1.22173
constraints/8/bone_name = &"LeftUpperArm"
constraints/8/twist_from = 1.65806
constraints/8/twist_range = 0.349066
constraints/8/twist_current = 18.0
constraints/8/kusudama_limit_cone_count = 1
constraints/8/kusudama_limit_cone/0/center = Vector3(0, 1, 0)
constraints/8/kusudama_limit_cone/0/radius = 0.0174533
constraints/9/bone_name = &"LeftLowerArm"
constraints/9/twist_from = 2.96706
constraints/9/twist_range = 1.0472
constraints/9/twist_current = 6.0
constraints/9/kusudama_limit_cone_count = 3
constraints/9/kusudama_limit_cone/0/center = Vector3(0, 1, 0)
constraints/9/kusudama_limit_cone/0/radius = 0.0174533
constraints/9/kusudama_limit_cone/1/center = Vector3(-1, 0, 0)
constraints/9/kusudama_limit_cone/1/radius = 0.349066
constraints/9/kusudama_limit_cone/2/center = Vector3(0, -1, 0)
constraints/9/kusudama_limit_cone/2/radius = 0.0174533
constraints/10/bone_name = &"LeftHand"
constraints/10/twist_from = 3.14159
constraints/10/twist_range = 0.0872665
constraints/10/twist_current = 0.00132779
constraints/10/kusudama_limit_cone_count = 1
constraints/10/kusudama_limit_cone/0/center = Vector3(0, 1, 0)
constraints/10/kusudama_limit_cone/0/radius = 0.349066
constraints/11/bone_name = &"RightShoulder"
constraints/11/twist_from = 3.14159
constraints/11/twist_range = 0.523599
constraints/11/twist_current = 0.00374807
constraints/11/kusudama_limit_cone_count = 1
constraints/11/kusudama_limit_cone/0/center = Vector3(-1, 0, 0)
constraints/11/kusudama_limit_cone/0/radius = 1.22173
constraints/12/bone_name = &"RightUpperArm"
constraints/12/twist_from = 1.65806
constraints/12/twist_range = 0.349066
constraints/12/twist_current = 0.999984
constraints/12/kusudama_limit_cone_count = 1
constraints/12/kusudama_limit_cone/0/center = Vector3(0, 1, 0)
constraints/12/kusudama_limit_cone/0/radius = 0.0174533
constraints/13/bone_name = &"RightLowerArm"
constraints/13/twist_from = 1.74533
constraints/13/twist_range = 2.0944
constraints/13/twist_current = 3.54031e-05
constraints/13/kusudama_limit_cone_count = 3
constraints/13/kusudama_limit_cone/0/center = Vector3(0, 1, 0)
constraints/13/kusudama_limit_cone/0/radius = 0.0174533
constraints/13/kusudama_limit_cone/1/center = Vector3(1, 0, 0)
constraints/13/kusudama_limit_cone/1/radius = 0.349066
constraints/13/kusudama_limit_cone/2/center = Vector3(0, -1, 0)
constraints/13/kusudama_limit_cone/2/radius = 0.0174533
constraints/14/bone_name = &"RightHand"
constraints/14/twist_from = 1.37183
constraints/14/twist_range = 0.0872665
constraints/14/twist_current = 0.000967155
constraints/14/kusudama_limit_cone_count = 1
constraints/14/kusudama_limit_cone/0/center = Vector3(0, 1, 0)
constraints/14/kusudama_limit_cone/0/radius = 0.349066
constraints/15/bone_name = &"LeftUpperLeg"
constraints/15/twist_from = 3.6233
constraints/15/twist_range = 0.523599
constraints/15/twist_current = 0.451882
constraints/15/kusudama_limit_cone_count = 1
constraints/15/kusudama_limit_cone/0/center = Vector3(0, -1, 0)
constraints/15/kusudama_limit_cone/0/radius = 0.872665
constraints/16/bone_name = &"LeftLowerLeg"
constraints/16/twist_from = 3.14159
constraints/16/twist_range = 0.0872665
constraints/16/twist_current = 0.0297277
constraints/16/kusudama_limit_cone_count = 3
constraints/16/kusudama_limit_cone/0/center = Vector3(0, 1, 0)
constraints/16/kusudama_limit_cone/0/radius = 0.0174533
constraints/16/kusudama_limit_cone/1/center = Vector3(0, 0, -1)
constraints/16/kusudama_limit_cone/1/radius = 0.0174533
constraints/16/kusudama_limit_cone/2/center = Vector3(0, -1, 0)
constraints/16/kusudama_limit_cone/2/radius = 0.0174533
constraints/17/bone_name = &"LeftFoot"
constraints/17/twist_from = 3.14159
constraints/17/twist_range = 0.523599
constraints/17/twist_current = 0.000226428
constraints/17/kusudama_limit_cone_count = 2
constraints/17/kusudama_limit_cone/0/center = Vector3(0, -1, 0)
constraints/17/kusudama_limit_cone/0/radius = 0.174533
constraints/17/kusudama_limit_cone/1/center = Vector3(0, 0, -1)
constraints/17/kusudama_limit_cone/1/radius = 0.174533
constraints/18/bone_name = &"LeftToes"
constraints/18/twist_from = 3.14159
constraints/18/twist_range = 0.523599
constraints/18/twist_current = 4.28025e-05
constraints/18/kusudama_limit_cone_count = 1
constraints/18/kusudama_limit_cone/0/center = Vector3(0, 0, -1)
constraints/18/kusudama_limit_cone/0/radius = 0.261799
constraints/19/bone_name = &"RightUpperLeg"
constraints/19/twist_from = 0.335103
constraints/19/twist_range = 0.534071
constraints/19/twist_current = 0.983171
constraints/19/kusudama_limit_cone_count = 1
constraints/19/kusudama_limit_cone/0/center = Vector3(0, -1, 0)
constraints/19/kusudama_limit_cone/0/radius = 0.872665
constraints/20/bone_name = &"RightLowerLeg"
constraints/20/twist_from = 3.14159
constraints/20/twist_range = 0.0872665
constraints/20/twist_current = 0.0341872
constraints/20/kusudama_limit_cone_count = 3
constraints/20/kusudama_limit_cone/0/center = Vector3(0, 1, 0)
constraints/20/kusudama_limit_cone/0/radius = 0.0174533
constraints/20/kusudama_limit_cone/1/center = Vector3(0, 0, -1)
constraints/20/kusudama_limit_cone/1/radius = 0.0174533
constraints/20/kusudama_limit_cone/2/center = Vector3(0, -1, 0)
constraints/20/kusudama_limit_cone/2/radius = 0.0174533
constraints/21/bone_name = &"RightFoot"
constraints/21/twist_from = 3.14159
constraints/21/twist_range = 0.523599
constraints/21/twist_current = 0.0652571
constraints/21/kusudama_limit_cone_count = 2
constraints/21/kusudama_limit_cone/0/center = Vector3(0, -1, 0)
constraints/21/kusudama_limit_cone/0/radius = 0.174533
constraints/21/kusudama_limit_cone/1/center = Vector3(0, 0, -1)
constraints/21/kusudama_limit_cone/1/radius = 0.174533
constraints/22/bone_name = &"RightToes"
constraints/22/twist_from = 3.14159
constraints/22/twist_range = 0.523599
constraints/22/twist_current = 0.00989798
constraints/22/kusudama_limit_cone_count = 1
constraints/22/kusudama_limit_cone/0/center = Vector3(0, 0, -1)
constraints/22/kusudama_limit_cone/0/radius = 0.261799
pin_count = 23
pins/0/bone_name = "Root"
pins/0/target_node = NodePath("../Root")
pins/0/passthrough_factor = 0.0
pins/0/weight = 0.3
pins/0/direction_priorities = Vector3(0, 0, 0)
pins/1/bone_name = "Hips"
pins/1/target_node = NodePath("../Hips")
pins/1/passthrough_factor = 0.0
pins/1/weight = 0.3
pins/1/direction_priorities = Vector3(0, 0, 0)
pins/2/bone_name = "Spine"
pins/2/target_node = NodePath("")
pins/2/passthrough_factor = 1.0
pins/2/weight = 1.0
pins/2/direction_priorities = Vector3(0, 0, 0)
pins/3/bone_name = "Chest"
pins/3/target_node = NodePath("")
pins/3/passthrough_factor = 1.0
pins/3/weight = 1.0
pins/3/direction_priorities = Vector3(0, 0, 0)
pins/4/bone_name = "UpperChest"
pins/4/target_node = NodePath("")
pins/4/passthrough_factor = 1.0
pins/4/weight = 0.01
pins/4/direction_priorities = Vector3(0, 0, 0)
pins/5/bone_name = "Neck"
pins/5/target_node = NodePath("../Neck")
pins/5/passthrough_factor = 1.0
pins/5/weight = 1.0
pins/5/direction_priorities = Vector3(0, 0, 0)
pins/6/bone_name = "Head"
pins/6/target_node = NodePath("../Head")
pins/6/passthrough_factor = 1.0
pins/6/weight = 1.0
pins/6/direction_priorities = Vector3(0, 0, 0)
pins/7/bone_name = "LeftShoulder"
pins/7/target_node = NodePath("../LeftShoulder")
pins/7/passthrough_factor = 1.0
pins/7/weight = 1.0
pins/7/direction_priorities = Vector3(0, 0, 0)
pins/8/bone_name = "LeftUpperArm"
pins/8/target_node = NodePath("../LeftUpperArm")
pins/8/passthrough_factor = 1.0
pins/8/weight = 1.0
pins/8/direction_priorities = Vector3(0, 0, 0)
pins/9/bone_name = "LeftLowerArm"
pins/9/target_node = NodePath("../LeftLowerArm")
pins/9/passthrough_factor = 1.0
pins/9/weight = 1.0
pins/9/direction_priorities = Vector3(0, 0, 0)
pins/10/bone_name = "LeftHand"
pins/10/target_node = NodePath("../LeftHand")
pins/10/passthrough_factor = 1.0
pins/10/weight = 1.0
pins/10/direction_priorities = Vector3(0, 0, 0)
pins/11/bone_name = "RightShoulder"
pins/11/target_node = NodePath("../RightShoulder")
pins/11/passthrough_factor = 1.0
pins/11/weight = 1.0
pins/11/direction_priorities = Vector3(0, 0, 0)
pins/12/bone_name = "RightUpperArm"
pins/12/target_node = NodePath("../RightUpperArm")
pins/12/passthrough_factor = 1.0
pins/12/weight = 1.0
pins/12/direction_priorities = Vector3(0, 0, 0)
pins/13/bone_name = "RightLowerArm"
pins/13/target_node = NodePath("../RightLowerArm")
pins/13/passthrough_factor = 1.0
pins/13/weight = 1.0
pins/13/direction_priorities = Vector3(0, 0, 0)
pins/14/bone_name = "RightHand"
pins/14/target_node = NodePath("../RightHand")
pins/14/passthrough_factor = 1.0
pins/14/weight = 1.0
pins/14/direction_priorities = Vector3(0, 0, 0)
pins/15/bone_name = "LeftUpperLeg"
pins/15/target_node = NodePath("../LeftUpperLeg")
pins/15/passthrough_factor = 1.0
pins/15/weight = 1.0
pins/15/direction_priorities = Vector3(0, 0, 0)
pins/16/bone_name = "LeftLowerLeg"
pins/16/target_node = NodePath("../LeftLowerLeg")
pins/16/passthrough_factor = 1.0
pins/16/weight = 1.0
pins/16/direction_priorities = Vector3(0, 0, 0)
pins/17/bone_name = "LeftFoot"
pins/17/target_node = NodePath("../LeftFoot")
pins/17/passthrough_factor = 1.0
pins/17/weight = 1.0
pins/17/direction_priorities = Vector3(0, 0, 0)
pins/18/bone_name = "LeftToes"
pins/18/target_node = NodePath("")
pins/18/passthrough_factor = 1.0
pins/18/weight = 1.0
pins/18/direction_priorities = Vector3(0, 0, 0)
pins/19/bone_name = "RightUpperLeg"
pins/19/target_node = NodePath("../RightUpperLeg")
pins/19/passthrough_factor = 1.0
pins/19/weight = 1.0
pins/19/direction_priorities = Vector3(0, 0, 0)
pins/20/bone_name = "RightLowerLeg"
pins/20/target_node = NodePath("../RightLowerLeg")
pins/20/passthrough_factor = 1.0
pins/20/weight = 1.0
pins/20/direction_priorities = Vector3(0, 0, 0)
pins/21/bone_name = "RightFoot"
pins/21/target_node = NodePath("../RightFoot")
pins/21/passthrough_factor = 1.0
pins/21/weight = 1.0
pins/21/direction_priorities = Vector3(0, 0, 0)
pins/22/bone_name = "RightToes"
pins/22/target_node = NodePath("")
pins/22/passthrough_factor = 1.0
pins/22/weight = 1.0
pins/22/direction_priorities = Vector3(0, 0, 0)

[node name="Root" type="BoneAttachment3D" parent="GeneralSkeleton" index="4"]
transform = Transform3D(0.980615, 0.00198448, 0.195936, -0.00196492, 0.999998, -0.000294236, -0.195937, -9.64663e-05, 0.980617, 0, 0, 0)
bone_name = "Root"
bone_idx = 0

[node name="Hips" type="BoneAttachment3D" parent="GeneralSkeleton" index="5"]
transform = Transform3D(0.980607, -0.0218757, 0.194757, -0.00240703, 0.992331, 0.123582, -0.195967, -0.121654, 0.973035, 0.00348715, 1.0032, 0.00994391)
bone_name = "Hips"
bone_idx = 1

[node name="Neck" type="BoneAttachment3D" parent="GeneralSkeleton" index="6"]
transform = Transform3D(0.884541, 0.159181, 0.43846, -0.132106, 0.986974, -0.0918096, -0.447363, 0.0232863, 0.894049, 0.0285782, 1.44846, -0.0258708)
bone_name = "Neck"
bone_idx = 13

[node name="Head" type="BoneAttachment3D" parent="GeneralSkeleton" index="7"]
transform = Transform3D(0.884508, 0.159159, 0.438536, -0.13208, 0.986979, -0.0918059, -0.447437, 0.0232813, 0.894012, 0.0491069, 1.5351, -0.0108744)
bone_name = "Head"
bone_idx = 14

[node name="LeftShoulder" type="BoneAttachment3D" parent="GeneralSkeleton" index="8"]
transform = Transform3D(-0.00546812, 0.987476, 0.157676, -0.836278, -0.0909685, 0.540706, 0.548277, -0.128904, 0.826302, 0.0479623, 1.41489, -0.0326779)
bone_name = "LeftShoulder"
bone_idx = 33

[node name="LeftUpperArm" type="BoneAttachment3D" parent="GeneralSkeleton" index="9"]
transform = Transform3D(0.00148121, 0.999992, -0.0035409, -0.46977, -0.00243004, -0.882786, -0.882787, 0.00297089, 0.469763, 0.166187, 1.38632, -0.0624851)
bone_name = "LeftUpperArm"
bone_idx = 34

[node name="LeftLowerArm" type="BoneAttachment3D" parent="GeneralSkeleton" index="10"]
transform = Transform3D(0.00328672, 0.993933, -0.109937, 0.615987, 0.0845911, 0.783202, 0.787749, -0.0702938, -0.611972, 0.385753, 1.37752, -0.0556776)
bone_name = "LeftLowerArm"
bone_idx = 35

[node name="LeftHand" type="BoneAttachment3D" parent="GeneralSkeleton" index="11"]
transform = Transform3D(-0.00330107, 0.993931, 0.109942, -0.615894, 0.0845951, -0.783273, -0.787819, -0.0702988, 0.61188, 0.630133, 1.41503, -0.085231)
bone_name = "LeftHand"
bone_idx = 36

[node name="RightShoulder" type="BoneAttachment3D" parent="GeneralSkeleton" index="12"]
transform = Transform3D(0.00699455, -0.664585, -0.74718, -0.893873, -0.339107, 0.293253, -0.448265, 0.665833, -0.596426, 0.00439565, 1.42141, -0.0106444)
bone_name = "RightShoulder"
bone_idx = 57

[node name="RightUpperArm" type="BoneAttachment3D" parent="GeneralSkeleton" index="13"]
transform = Transform3D(0.545106, -0.759832, 0.354279, 0.0522169, -0.390991, -0.918912, 0.836739, 0.519403, -0.173456, -0.0614576, 1.37955, 0.0872984)
bone_name = "RightUpperArm"
bone_idx = 58

[node name="RightLowerArm" type="BoneAttachment3D" parent="GeneralSkeleton" index="14"]
transform = Transform3D(-0.414157, -0.74245, 0.526536, 0.910189, -0.34134, 0.234613, 0.00553995, 0.576414, 0.817138, -0.223875, 1.28444, 0.200898)
bone_name = "RightLowerArm"
bone_idx = 59

[node name="RightHand" type="BoneAttachment3D" parent="GeneralSkeleton" index="15"]
transform = Transform3D(-0.597976, -0.742452, -0.301971, -0.0501553, -0.34135, 0.938598, -0.79994, 0.576404, 0.166882, -0.397033, 1.20403, 0.360753)
bone_name = "RightHand"
bone_idx = 60

[node name="LeftUpperLeg" type="BoneAttachment3D" parent="GeneralSkeleton" index="16"]
transform = Transform3D(-0.980106, 0.0209754, 0.197362, 0.00373446, -0.992275, 0.124004, 0.198438, 0.122274, 0.972457, 0.0869672, 0.958787, -0.00509868)
bone_name = "LeftUpperLeg"
bone_idx = 81

[node name="LeftLowerLeg" type="BoneAttachment3D" parent="GeneralSkeleton" index="17"]
transform = Transform3D(0.979853, 0.0355452, -0.196531, 0.0182686, -0.995861, -0.0890318, -0.198882, 0.0836477, -0.976447, 0.0718676, 0.573627, 0.0399224)
bone_name = "LeftLowerLeg"
bone_idx = 82

[node name="LeftFoot" type="BoneAttachment3D" parent="GeneralSkeleton" index="18"]
transform = Transform3D(-0.974907, 0.21297, -0.064803, -0.0464885, 0.0899102, 0.994864, 0.217703, 0.972913, -0.0777534, 0.0691703, 0.11682, 0.0499164)
bone_name = "LeftFoot"
bone_idx = 83

[node name="RightUpperLeg" type="BoneAttachment3D" parent="GeneralSkeleton" index="19"]
transform = Transform3D(0.163293, -0.0586251, 0.984834, 0.0856825, -0.993619, -0.0733549, 0.98285, 0.0963615, -0.157228, -0.0795716, 0.95922, 0.0282012)
bone_name = "RightUpperLeg"
bone_idx = 86

[node name="RightLowerLeg" type="BoneAttachment3D" parent="GeneralSkeleton" index="20"]
transform = Transform3D(-0.161246, -0.0895569, -0.982842, -0.107389, -0.988369, 0.107679, -0.981054, 0.122909, 0.149753, -0.112772, 0.572896, 0.0447084)
bone_name = "RightLowerLeg"
bone_idx = 87

[node name="RightFoot" type="BoneAttachment3D" parent="GeneralSkeleton" index="21"]
transform = Transform3D(0.16125, 0.982844, 0.0895275, 0.10739, -0.10765, 0.988372, 0.981053, -0.149761, -0.122906, -0.186581, 0.124527, 0.0926927)
bone_name = "RightFoot"
bone_idx = 88
