[gd_scene load_steps=2 format=3 uid="uid://bf73owhwv3ae8"]

[ext_resource type="PackedScene" uid="uid://dwx87oc3a41md" path="res://n_bone_ik/art/many_bone_ik_3d_arm.glb" id="1_5uyx7"]

[node name="many_bone_ik_3d_arm" instance=ExtResource("1_5uyx7")]

[node name="Skeleton3D" parent="Robotic_Arm_Armature" index="0"]
bones/0/position = Vector3(0, -6.57523e-05, 0)
bones/0/rotation = Quaternion(0, 1.1921e-07, 0, 1)
bones/1/rotation = Quaternion(0.0569122, 0.986891, -0.151021, -0.000150314)
bones/1/scale = Vector3(1, 1, 1)
bones/2/position = Vector3(8.55373e-06, 0.0885448, -2.87015e-05)
bones/2/rotation = Quaternion(-0.0694152, 0.996166, -0.0523987, 0.00949615)
bones/2/scale = Vector3(1, 1, 1)
bones/3/position = Vector3(-0.000107769, 0.257193, -2.77348e-06)
bones/3/rotation = Quaternion(0.423333, -0.088139, -0.0450171, 0.900552)
bones/3/scale = Vector3(1, 1, 1)
bones/4/position = Vector3(-1.72853e-06, 0.257314, 3.12924e-06)
bones/4/rotation = Quaternion(-0.141685, 0.168043, 0.650706, 0.726821)
bones/4/scale = Vector3(1, 1, 1)
bones/5/position = Vector3(4.23193e-06, 0.0502879, 1.82465e-05)
bones/5/rotation = Quaternion(-0.314157, -0.31348, -0.244928, 0.862001)
bones/5/scale = Vector3(1, 1, 1)
bones/6/position = Vector3(1.49012e-06, 0.0626684, -5.28991e-06)
bones/6/rotation = Quaternion(0.564642, 0.366539, -0.145145, 0.725094)
bones/6/scale = Vector3(1, 1, 1)
bones/7/rotation = Quaternion(-0.0214338, 0.0214338, -0.706782, 0.706782)
bones/8/rotation = Quaternion(0.0214336, -0.0214337, -0.706782, 0.706782)

[node name="ManyBoneIK3D" type="ManyBoneIK3D" parent="." index="1"]
skeleton_node_path = NodePath("../Robotic_Arm_Armature/Skeleton3D")
default_damp = 4.71239
constraint_count = 9
constraints/0/bone_name = &"Root"
constraints/0/twist_from = 3.14159
constraints/0/twist_range = 6.28318
constraints/0/twist_current = 1.0
constraints/0/kusudama_limit_cone_count = 0
constraints/0/bone_direction = Transform3D(1, 0, 0, 0, 1, 0, 0, 0, 1, 0, 0, 0)
constraints/0/kusudama_orientation = Transform3D(1, 0, 0, 0, 1, 0, 0, 0, 1, 0, -6.57523e-05, 0)
constraints/0/kusudama_twist = Transform3D(1, 0, 0, 0, 1, 0, 0, 0, 1, 0, 0, 0)
constraints/1/bone_name = &"Joint_00"
constraints/1/twist_from = 3.14159
constraints/1/twist_range = 6.28318
constraints/1/twist_current = 1.0
constraints/1/kusudama_limit_cone_count = 0
constraints/1/bone_direction = Transform3D(1, 0, 2.38419e-07, 0, 1, 0, -2.38419e-07, 0, 1, 0, 0.0558072, 0)
constraints/1/kusudama_orientation = Transform3D(1, 0, 2.38419e-07, 0, 1, 0, -2.38419e-07, 0, 1, 0, 0.0558072, 0)
constraints/1/kusudama_twist = Transform3D(1, 0, 2.38419e-07, 0, 1, 0, -2.38419e-07, 0, 1, 0, 0.0558072, 0)
constraints/2/bone_name = &"Joint_01"
constraints/2/twist_from = 3.14159
constraints/2/twist_range = 6.28318
constraints/2/twist_current = 1.0
constraints/2/kusudama_limit_cone_count = 2
constraints/2/kusudama_limit_cone/0/center = Vector3(0, 1, 0)
constraints/2/kusudama_limit_cone/0/radius = 0.174533
constraints/2/kusudama_limit_cone/1/center = Vector3(0, 1, 0)
constraints/2/kusudama_limit_cone/1/radius = 0.174533
constraints/2/bone_direction = Transform3D(-0.998597, 0.0527079, -0.00501492, 0.0510497, 0.933382, -0.355234, -0.0140428, -0.354992, -0.934764, 0.00465796, 0.138459, -0.0314082)
constraints/2/kusudama_orientation = Transform3D(-0.993522, 0.112287, -0.0174868, 0.112378, 0.947907, -0.298065, -0.0168929, -0.298099, -0.954385, 0.00993442, 0.139749, -0.0263679)
constraints/2/kusudama_twist = Transform3D(-0.998597, 0.0527079, -0.00501492, 0.0510497, 0.933382, -0.355234, -0.0140428, -0.354992, -0.934764, 0.00465796, 0.138459, -0.0314082)
constraints/3/bone_name = &"Joint_02"
constraints/3/twist_from = 3.14159
constraints/3/twist_range = 6.28318
constraints/3/twist_current = 1.0
constraints/3/kusudama_limit_cone_count = 0
constraints/3/bone_direction = Transform3D(0.973783, 0.218169, 0.064409, -0.225893, 0.894059, 0.386822, 0.026807, -0.39123, 0.919902, 0.0606484, 0.36838, -0.132014)
constraints/3/kusudama_orientation = Transform3D(0.968331, 0.24885, -0.0202109, -0.239841, 0.949647, 0.20161, 0.069364, -0.190378, 0.979257, 0.0738328, 0.384017, -0.0753421)
constraints/3/kusudama_twist = Transform3D(0.973783, 0.218169, 0.064409, -0.225893, 0.894059, 0.386822, 0.026807, -0.39123, 0.919902, 0.0606484, 0.36838, -0.132014)
constraints/4/bone_name = &"Joint_03"
constraints/4/twist_from = 3.14159
constraints/4/twist_range = 6.28318
constraints/4/twist_current = 1.0
constraints/4/kusudama_limit_cone_count = 0
constraints/4/bone_direction = Transform3D(0.870363, 0.139453, -0.472251, -0.492406, 0.242515, -0.835896, -0.00204079, 0.960072, 0.279744, 0.0965231, 0.430774, 0.114985)
constraints/4/kusudama_orientation = Transform3D(0.908176, 0.14933, -0.391046, -0.358686, 0.759197, -0.543106, 0.215779, 0.633498, 0.743047, 0.112255, 0.579368, 0.0876679)
constraints/4/kusudama_twist = Transform3D(0.870363, 0.139453, -0.472251, -0.492406, 0.242515, -0.835896, -0.00204079, 0.960072, 0.279744, 0.0965231, 0.430774, 0.114985)
constraints/5/bone_name = &"Joint_04"
constraints/5/twist_from = 3.14159
constraints/5/twist_range = 6.28318
constraints/5/twist_current = 1.0
constraints/5/kusudama_limit_cone_count = 0
constraints/5/bone_direction = Transform3D(0.224732, -0.955402, -0.191578, 0.611623, 0.29136, -0.735545, 0.75856, 0.0481269, 0.649823, 0.048484, 0.44541, 0.117418)
constraints/5/kusudama_orientation = Transform3D(0.389575, -0.890387, -0.235462, 0.880099, 0.435243, -0.189712, 0.2714, -0.133323, 0.953187, 0.0674764, 0.601256, 0.0809819)
constraints/5/kusudama_twist = Transform3D(0.224732, -0.955402, -0.191578, 0.611623, 0.29136, -0.735545, 0.75856, 0.0481269, 0.649823, 0.048484, 0.44541, 0.117418)
constraints/6/bone_name = &"Joint_05"
constraints/6/twist_from = 3.14159
constraints/6/twist_range = 6.28318
constraints/6/twist_current = 1.0
constraints/6/kusudama_limit_cone_count = 0
constraints/6/bone_direction = Transform3D(0.193278, -0.591754, -0.782606, -0.0345283, 0.79305, -0.608178, 0.980536, 0.144569, 0.132846, 0.0114097, 0.495106, 0.126475)
constraints/6/kusudama_orientation = Transform3D(0.303376, -0.275202, -0.912265, 0.37175, 0.915703, -0.152613, 0.877362, -0.292836, 0.380109, 0.0502351, 0.658643, 0.0626297)
constraints/6/kusudama_twist = Transform3D(0.193278, -0.591754, -0.782606, -0.0345283, 0.79305, -0.608178, 0.980536, 0.144569, 0.132846, 0.0114097, 0.495106, 0.126475)
constraints/7/bone_name = &"Joint_05_Jaw_Right"
constraints/7/twist_from = 3.14159
constraints/7/twist_range = 6.28318
constraints/7/twist_current = null
constraints/7/kusudama_limit_cone_count = 0
constraints/7/bone_direction = Transform3D(1, 0, 0, 0, 1, 0, 0, 0, 1, 0, 0, 0)
constraints/7/kusudama_orientation = Transform3D(1, 0, 0, 0, 1, 0, 0, 0, 1, 0, 0, 0)
constraints/7/kusudama_twist = Transform3D(1, 0, 0, 0, 1, 0, 0, 0, 1, 0, 0, 0)
constraints/8/bone_name = &"Joint_05_Jaw_Left"
constraints/8/twist_from = 3.14159
constraints/8/twist_range = 6.28318
constraints/8/twist_current = null
constraints/8/kusudama_limit_cone_count = 0
constraints/8/bone_direction = Transform3D(1, 0, 0, 0, 1, 0, 0, 0, 1, 0, 0, 0)
constraints/8/kusudama_orientation = Transform3D(1, 0, 0, 0, 1, 0, 0, 0, 1, 0, 0, 0)
constraints/8/kusudama_twist = Transform3D(1, 0, 0, 0, 1, 0, 0, 0, 1, 0, 0, 0)
pin_count = 9
pins/0/bone_name = "Root"
pins/0/enabled = true
pins/0/target_node = NodePath("../Root")
pins/0/passthrough_factor = 0.0
pins/0/weight = 1.0
pins/0/direction_priorities = Vector3(0.2, 0, 0.2)
pins/1/bone_name = "Joint_00"
pins/1/enabled = false
pins/1/target_node = NodePath("../Joint_00")
pins/1/passthrough_factor = 0.0
pins/1/weight = 1.0
pins/1/direction_priorities = Vector3(0.2, 0, 0.2)
pins/2/bone_name = "Joint_01"
pins/2/enabled = false
pins/2/target_node = NodePath("../Joint_01")
pins/2/passthrough_factor = 0.0
pins/2/weight = 1.0
pins/2/direction_priorities = Vector3(0.2, 0, 0.2)
pins/3/bone_name = "Joint_02"
pins/3/enabled = false
pins/3/target_node = NodePath("../Joint_02")
pins/3/passthrough_factor = 0.0
pins/3/weight = 1.0
pins/3/direction_priorities = Vector3(0.2, 0, 0.2)
pins/4/bone_name = "Joint_03"
pins/4/enabled = false
pins/4/target_node = NodePath("../Joint_03")
pins/4/passthrough_factor = 0.0
pins/4/weight = 1.0
pins/4/direction_priorities = Vector3(0.2, 0, 0.2)
pins/5/bone_name = "Joint_04"
pins/5/enabled = false
pins/5/target_node = NodePath("../Joint_04")
pins/5/passthrough_factor = 0.0
pins/5/weight = 1.0
pins/5/direction_priorities = Vector3(0.2, 0, 0.2)
pins/6/bone_name = "Joint_05"
pins/6/enabled = true
pins/6/target_node = NodePath("../Joint_05")
pins/6/passthrough_factor = 0.0
pins/6/weight = 1.0
pins/6/direction_priorities = Vector3(0.2, 0, 0.2)
pins/7/bone_name = "Joint_05_Jaw_Right"
pins/7/enabled = false
pins/7/target_node = NodePath("../Joint_05_Jaw_Right")
pins/7/passthrough_factor = 0.0
pins/7/weight = 1.0
pins/7/direction_priorities = Vector3(0.2, 0, 0.2)
pins/8/bone_name = "Joint_05_Jaw_Left"
pins/8/enabled = false
pins/8/target_node = NodePath("../Joint_05_Jaw_Left")
pins/8/passthrough_factor = 0.0
pins/8/weight = 1.0
pins/8/direction_priorities = Vector3(0.2, 0, 0.2)

[node name="Root" type="Marker3D" parent="." index="2"]
transform = Transform3D(1, 0, 2.38419e-07, 0, 1, 0, -2.38419e-07, 0, 1, 0, -6.57523e-05, 0)

[node name="Joint_00" type="Marker3D" parent="." index="3"]
transform = Transform3D(1, 0, 0, 0, 1, 0, 0, 0, 1, 0, 0.0558072, 0)

[node name="Joint_01" type="Marker3D" parent="." index="4"]
transform = Transform3D(1, 0, 0, 0, 1, 0, 0, 0, 1, 0, 0.144347, 0)

[node name="Joint_02" type="Marker3D" parent="." index="5"]
transform = Transform3D(1, 0, 0, 0, 1, 0, 0, 0, 1, 0, 0.401344, 0)

[node name="Joint_03" type="Marker3D" parent="." index="6"]
transform = Transform3D(5.96046e-08, 1, -2.98023e-08, 1.49012e-07, 5.96046e-08, 1, 1, -2.98023e-08, -1.19209e-07, 0, 0.658643, 0)

[node name="Joint_04" type="Marker3D" parent="." index="7"]
transform = Transform3D(-1, 5.96046e-08, -2.98023e-08, -5.96046e-08, 1.053e-07, 1, 2.98023e-08, 1, -7.54979e-08, 0.0502351, 0.658643, -1.49712e-09)

[node name="Joint_05" type="Marker3D" parent="." index="8"]
transform = Transform3D(1, -2.98023e-08, -2.78181e-08, 5.96046e-08, 1, 1.053e-07, 5.76205e-08, -7.54979e-08, 1, 0.0502351, 0.658643, 0.0626298)

[node name="Joint_05_Jaw_Right" type="Marker3D" parent="." index="9"]
transform = Transform3D(-2.08616e-07, 0.998162, 0.060596, -1, -1.85304e-07, 1.70186e-07, 1.46278e-07, -0.060596, 0.998162, 0.0618595, 0.710994, 0.0788259)

[node name="Joint_05_Jaw_Left" type="Marker3D" parent="." index="10"]
transform = Transform3D(-8.9407e-08, 0.998162, -0.0605956, -1, -5.33334e-08, 1.83451e-07, 1.46278e-07, 0.0605956, 0.998162, 0.0618595, 0.710994, 0.0460793)
