[gd_scene load_steps=2 format=3 uid="uid://bf73owhwv3ae8"]

[ext_resource type="PackedScene" uid="uid://dwx87oc3a41md" path="res://n_bone_ik/art/many_bone_ik_3d_arm.glb" id="1_5uyx7"]

[node name="many_bone_ik_3d_arm" instance=ExtResource("1_5uyx7")]

[node name="Skeleton3D" parent="Robotic_Arm_Armature" index="0"]
bones/1/rotation = Quaternion(-0.00697739, 0.996208, -0.0867175, -0.000300244)
bones/2/position = Vector3(1.50919e-05, 0.0886302, -0.000178564)
bones/2/rotation = Quaternion(-0.00916781, 0.993215, -0.115932, -2.36256e-06)
bones/2/scale = Vector3(1, 1, 1)
bones/3/position = Vector3(8.99304e-05, 0.258662, -4.51785e-05)
bones/3/rotation = Quaternion(-0.60033, -0.00145825, 0.00176592, 0.799749)
bones/3/scale = Vector3(1, 1, 1)
bones/4/position = Vector3(-7.65125e-05, 0.259536, 4.92036e-05)
bones/4/rotation = Quaternion(-0.366314, 0.604909, 0.684295, 0.177877)
bones/4/scale = Vector3(1, 1, 1)
bones/5/position = Vector3(-1.51694e-05, 0.0507441, -5.75185e-06)
bones/5/rotation = Quaternion(-0.000634769, 0.0578968, 0.000140638, 0.998322)
bones/5/scale = Vector3(1, 1, 1)
bones/6/position = Vector3(-5.00679e-06, 0.0632964, 7.22408e-05)
bones/6/rotation = Quaternion(0.561859, 0.780448, 0.242277, -0.128514)
bones/6/scale = Vector3(1, 1, 1)
bones/7/rotation = Quaternion(-0.0214338, 0.0214338, -0.706782, 0.706782)
bones/8/rotation = Quaternion(0.0214336, -0.0214337, -0.706782, 0.706782)

[node name="ManyBoneIK3D" type="ManyBoneIK3D" parent="." index="1"]
skeleton_node_path = NodePath("../Robotic_Arm_Armature/Skeleton3D")
iterations_per_frame = 120.0
default_damp = 0.0174533
constraint_count = 9
constraints/0/bone_name = &"Root"
constraints/0/twist_from = 3.14159
constraints/0/twist_range = 6.28318
constraints/0/twist_current = 1.0
constraints/0/kusudama_limit_cone_count = 0
constraints/0/kusudama_twist = Transform3D(1, 0, 0, 0, 1, 0, 0, 0, 1, 0, 0, 0)
constraints/0/kusudama_orientation = Transform3D(1, 0, 0, 0, 1, 0, 0, 0, 1, 0, -6.57523e-05, 0)
constraints/0/bone_direction = Transform3D(1, 0, 2.38419e-07, 0, 1, 0, -2.38419e-07, 0, 1, 0, -6.57523e-05, 0)
constraints/1/bone_name = &"Joint_00"
constraints/1/twist_from = 3.14159
constraints/1/twist_range = 6.28318
constraints/1/twist_current = 1.0
constraints/1/kusudama_limit_cone_count = 0
constraints/1/kusudama_twist = Transform3D(1, 0, 2.38419e-07, 0, 1, 0, -2.38419e-07, 0, 1, 0, 0.0558072, 0)
constraints/1/kusudama_orientation = Transform3D(1, 0, 2.38419e-07, 0, 1, 0, -2.38419e-07, 0, 1, 0, 0.0558072, 0)
constraints/1/bone_direction = Transform3D(-0.999905, -0.0137908, 0.000633472, -0.0136901, 0.984592, -0.174329, 0.00178042, -0.174321, -0.984687, 0, 0.0558072, 0)
constraints/2/bone_name = &"Joint_01"
constraints/2/twist_from = 3.14159
constraints/2/twist_range = 6.28318
constraints/2/twist_current = 1.0
constraints/2/kusudama_limit_cone_count = 0
constraints/2/kusudama_twist = Transform3D(-0.999992, 0.00396993, -0.00098596, 0.00408454, 0.982137, -0.188125, 0.000221504, -0.188127, -0.982145, 0.000337648, 0.142889, -0.0165386)
constraints/2/kusudama_orientation = Transform3D(-0.999902, -0.013954, 0.000611678, -0.0138498, 0.984863, -0.172782, 0.00180857, -0.172773, -0.98496, -0.00125195, 0.143126, -0.015137)
constraints/2/bone_direction = Transform3D(0.999991, 0.00414237, 0.000497205, -0.004106, 0.998264, -0.0587569, -0.000739734, 0.0587544, 0.998272, -0.00125195, 0.143126, -0.015137)
constraints/3/bone_name = &"Joint_02"
constraints/3/twist_from = 3.14159
constraints/3/twist_range = 6.28318
constraints/3/twist_current = 1.0
constraints/3/kusudama_limit_cone_count = 0
constraints/3/kusudama_twist = Transform3D(0.993563, 0.112873, -0.00964904, -0.112886, 0.993607, -0.000830308, 0.00949364, 0.00191428, 0.999953, 0.0296272, 0.399918, -0.0160578)
constraints/3/kusudama_orientation = Transform3D(0.99999, 0.00449258, 0.00049746, -0.00445562, 0.998266, -0.058698, -0.000760301, 0.0586952, 0.998275, 1.92085e-08, 0.401342, 3.44589e-08)
constraints/3/bone_direction = Transform3D(1, -1.64608e-07, -3.43342e-08, -1.66663e-08, 0.334695, 0.942326, -1.14436e-08, -0.942326, 0.334695, 1.92085e-08, 0.401342, 3.44589e-08)
constraints/4/bone_name = &"Joint_03"
constraints/4/twist_from = 3.14159
constraints/4/twist_range = 6.28318
constraints/4/twist_current = 1.0
constraints/4/kusudama_limit_cone_count = 0
constraints/4/kusudama_twist = Transform3D(0.618873, -0.71796, -0.318637, 0.783603, 0.592416, 0.187108, 0.0544296, -0.365481, 0.929226, -0.156791, 0.553631, -0.110818)
constraints/4/kusudama_orientation = Transform3D(1, -0.000297059, 3.64671e-08, 9.94607e-05, 0.335085, 0.942188, -0.000279865, -0.942188, 0.335085, -0.000153588, 0.488355, -0.244515)
constraints/4/bone_direction = Transform3D(-0.668308, -0.686499, -0.286502, -0.742085, 0.588486, 0.320927, -0.0517137, 0.427087, -0.90273, -0.000153588, 0.488355, -0.244515)
constraints/5/bone_name = &"Joint_04"
constraints/5/twist_from = 3.14159
constraints/5/twist_range = 6.28318
constraints/5/twist_current = 1.0
constraints/5/kusudama_limit_cone_count = 2
constraints/5/kusudama_limit_cone/0/center = Vector3(0, 1, 0)
constraints/5/kusudama_limit_cone/0/radius = 0.174533
constraints/5/kusudama_limit_cone/1/center = Vector3(0, 1, 0)
constraints/5/kusudama_limit_cone/1/radius = 0.174533
constraints/5/kusudama_twist = Transform3D(0.895349, -0.442132, 0.0535827, 0.428061, 0.887519, 0.170509, -0.122943, -0.129729, 0.983898, -0.179197, 0.598612, -0.117387)
constraints/5/kusudama_orientation = Transform3D(-0.668288, -0.686552, -0.286419, -0.742102, 0.588503, 0.320856, -0.051726, 0.426977, -0.902781, -0.0349803, 0.518228, -0.222843)
constraints/5/bone_direction = Transform3D(-0.630809, -0.685579, -0.363401, -0.774122, 0.588067, 0.234332, 0.0530509, 0.429136, -0.90168, -0.0349803, 0.518228, -0.222843)
constraints/6/bone_name = &"Joint_05"
constraints/6/twist_from = 3.14159
constraints/6/twist_range = 6.28318
constraints/6/twist_current = 1.0
constraints/6/kusudama_limit_cone_count = 2
constraints/6/kusudama_limit_cone/0/center = Vector3(0, 1, 0)
constraints/6/kusudama_limit_cone/0/radius = 0.984366
constraints/6/kusudama_limit_cone/1/center = Vector3(0, 1, 0)
constraints/6/kusudama_limit_cone/1/radius = 0.174533
constraints/6/kusudama_twist = Transform3D(0.938151, -0.308011, -0.158122, 0.313266, 0.949625, 0.00882753, 0.147437, -0.0578156, 0.987381, -0.198682, 0.658643, -0.120972)
constraints/6/kusudama_orientation = Transform3D(-0.63084, -0.685957, -0.362634, -0.774095, 0.588364, 0.233674, 0.0530705, 0.428124, -0.90216, -0.0784219, 0.55549, -0.195809)
constraints/6/bone_direction = Transform3D(1, -3.38536e-07, 8.19564e-08, -2.31434e-07, 1, 2.04891e-07, -2.01166e-07, 1.82539e-07, 1, -0.0784219, 0.55549, -0.195809)
constraints/7/bone_name = &"Joint_05_Jaw_Right"
constraints/7/twist_from = 3.14159
constraints/7/twist_range = 6.28318
constraints/7/twist_current = null
constraints/7/kusudama_limit_cone_count = 0
constraints/7/kusudama_twist = Transform3D(1, 0, 0, 0, 1, 0, 0, 0, 1, 0, 0, 0)
constraints/7/kusudama_orientation = Transform3D(1, 0, 0, 0, 1, 0, 0, 0, 1, 0, 0, 0)
constraints/7/bone_direction = Transform3D(1, 0, 0, 0, 1, 0, 0, 0, 1, 0, 0, 0)
constraints/8/bone_name = &"Joint_05_Jaw_Left"
constraints/8/twist_from = 3.14159
constraints/8/twist_range = 6.28318
constraints/8/twist_current = null
constraints/8/kusudama_limit_cone_count = 0
constraints/8/kusudama_twist = Transform3D(1, 0, 0, 0, 1, 0, 0, 0, 1, 0, 0, 0)
constraints/8/kusudama_orientation = Transform3D(1, 0, 0, 0, 1, 0, 0, 0, 1, 0, 0, 0)
constraints/8/bone_direction = Transform3D(1, 0, 0, 0, 1, 0, 0, 0, 1, 0, 0, 0)
pin_count = 9
pins/0/bone_name = "Root"
pins/0/enabled = true
pins/0/target_node = NodePath("../Root")
pins/0/passthrough_factor = 0.0
pins/0/weight = 1.0
pins/0/direction_priorities = Vector3(0.2, 0, 0.2)
pins/1/bone_name = "Joint_00"
pins/1/enabled = false
pins/1/target_node = NodePath("../Joint_00")
pins/1/passthrough_factor = 0.0
pins/1/weight = 1.0
pins/1/direction_priorities = Vector3(0.2, 0, 0.2)
pins/2/bone_name = "Joint_01"
pins/2/enabled = false
pins/2/target_node = NodePath("../Joint_01")
pins/2/passthrough_factor = 0.0
pins/2/weight = 1.0
pins/2/direction_priorities = Vector3(0.2, 0, 0.2)
pins/3/bone_name = "Joint_02"
pins/3/enabled = true
pins/3/target_node = NodePath("../Joint_02")
pins/3/passthrough_factor = 0.0
pins/3/weight = 1.0
pins/3/direction_priorities = Vector3(0.2, 0, 0.2)
pins/4/bone_name = "Joint_03"
pins/4/enabled = false
pins/4/target_node = NodePath("../Joint_03")
pins/4/passthrough_factor = 0.0
pins/4/weight = 1.0
pins/4/direction_priorities = Vector3(0.2, 0, 0.2)
pins/5/bone_name = "Joint_04"
pins/5/enabled = false
pins/5/target_node = NodePath("../Joint_04")
pins/5/passthrough_factor = 0.0
pins/5/weight = 1.0
pins/5/direction_priorities = Vector3(0.2, 0, 0.2)
pins/6/bone_name = "Joint_05"
pins/6/enabled = true
pins/6/target_node = NodePath("../Joint_05")
pins/6/passthrough_factor = 0.0
pins/6/weight = 1.0
pins/6/direction_priorities = Vector3(0.2, 0, 0.2)
pins/7/bone_name = "Joint_05_Jaw_Right"
pins/7/enabled = false
pins/7/target_node = NodePath("../Joint_05_Jaw_Right")
pins/7/passthrough_factor = 0.0
pins/7/weight = 1.0
pins/7/direction_priorities = Vector3(0.2, 0, 0.2)
pins/8/bone_name = "Joint_05_Jaw_Left"
pins/8/enabled = false
pins/8/target_node = NodePath("../Joint_05_Jaw_Left")
pins/8/passthrough_factor = 0.0
pins/8/weight = 1.0
pins/8/direction_priorities = Vector3(0.2, 0, 0.2)

[node name="Root" type="Marker3D" parent="." index="2"]
transform = Transform3D(1, 0, 2.38419e-07, 0, 1, 0, -2.38419e-07, 0, 1, 0, -6.57523e-05, 0)

[node name="Joint_00" type="Marker3D" parent="." index="3"]
transform = Transform3D(1, 0, 0, 0, 1, 0, 0, 0, 1, 0, 0.0558072, 0)

[node name="Joint_01" type="Marker3D" parent="." index="4"]
transform = Transform3D(1, 0, 0, 0, 1, 0, 0, 0, 1, 0, 0.144347, 0)

[node name="Joint_02" type="Marker3D" parent="." index="5"]
transform = Transform3D(1, 0, 0, 0, 0.334695, 0.942326, 0, -0.942326, 0.334695, 0, 0.401344, 0)

[node name="Joint_03" type="Marker3D" parent="." index="6"]
transform = Transform3D(5.96046e-08, 1, -2.98023e-08, 1.49012e-07, 5.96046e-08, 1, 1, -2.98023e-08, -1.19209e-07, 0, 0.658643, 0)

[node name="Joint_04" type="Marker3D" parent="." index="7"]
transform = Transform3D(-1, 5.96046e-08, -2.98023e-08, -5.96046e-08, 1.053e-07, 1, 2.98023e-08, 1, -7.54979e-08, 0.0502351, 0.658643, -1.49712e-09)

[node name="Joint_05" type="Marker3D" parent="." index="8"]
transform = Transform3D(1, -2.98023e-08, -2.78181e-08, 5.96046e-08, 1, 1.053e-07, 5.76205e-08, -7.54979e-08, 1, -0.198682, 0.658643, -0.120972)

[node name="Joint_05_Jaw_Right" type="Marker3D" parent="." index="9"]
transform = Transform3D(-2.08616e-07, 0.998162, 0.060596, -1, -1.85304e-07, 1.70186e-07, 1.46278e-07, -0.060596, 0.998162, 0.0618595, 0.710994, 0.0788259)

[node name="Joint_05_Jaw_Left" type="Marker3D" parent="." index="10"]
transform = Transform3D(-8.9407e-08, 0.998162, -0.0605956, -1, -5.33334e-08, 1.83451e-07, 1.46278e-07, 0.0605956, 0.998162, 0.0618595, 0.710994, 0.0460793)
