[gd_scene load_steps=2 format=3 uid="uid://bf73owhwv3ae8"]

[ext_resource type="PackedScene" uid="uid://dwx87oc3a41md" path="res://n_bone_ik/art/many_bone_ik_3d_arm.glb" id="1_5uyx7"]

[node name="many_bone_ik_3d_arm" instance=ExtResource("1_5uyx7")]

[node name="Skeleton3D" parent="Robotic_Arm_Armature" index="0"]
bones/0/position = Vector3(0, -6.57523e-05, 0)
bones/0/rotation = Quaternion(0, 1.1921e-07, 0, 1)
bones/1/rotation = Quaternion(-0.153037, 0.984735, -0.0829197, -2.3801e-05)
bones/2/position = Vector3(-3.28198e-06, 0.0885968, -3.58243e-05)
bones/2/rotation = Quaternion(-7.62219e-05, 0.999596, -0.000204644, -0.0284201)
bones/2/scale = Vector3(1, 1, 1)
bones/3/position = Vector3(-3.23094e-05, 0.25751, -2.48291e-06)
bones/3/rotation = Quaternion(-2.25294e-05, 0.999645, -8.08659e-06, 0.0266476)
bones/3/scale = Vector3(1, 1, 1)
bones/4/position = Vector3(2.06213e-05, 0.257499, -3.11807e-06)
bones/4/rotation = Quaternion(-0.000207428, -0.227896, 3.33319e-06, 0.973685)
bones/4/scale = Vector3(1, 1, 1)
bones/5/position = Vector3(8.43778e-06, 0.0503595, 1.8023e-05)
bones/5/rotation = Quaternion(0.000224618, 0.0160254, -5.38705e-05, 0.999872)
bones/5/scale = Vector3(1, 1, 1)
bones/6/position = Vector3(3.39001e-06, 0.0627171, -5.92321e-06)
bones/6/rotation = Quaternion(-0.138161, 0.788986, 0.534549, -0.269575)
bones/6/scale = Vector3(1, 0.999999, 0.999999)
bones/7/rotation = Quaternion(-0.0214338, 0.0214338, -0.706782, 0.706782)
bones/8/rotation = Quaternion(0.0214336, -0.0214337, -0.706782, 0.706782)

[node name="ManyBoneIK3D" type="ManyBoneIK3D" parent="." index="1"]
skeleton_node_path = NodePath("../Robotic_Arm_Armature/Skeleton3D")
default_damp = 4.71239
constraint_count = 9
constraints/0/bone_name = &"Root"
constraints/0/twist_from = 3.14159
constraints/0/twist_range = 6.28318
constraints/0/twist_current = 1.0
constraints/0/kusudama_limit_cone_count = 0
constraints/0/bone_direction = Transform3D(1, 0, 2.38419e-07, 0, 1, 0, -2.38419e-07, 0, 1, 0, -6.57523e-05, 0)
constraints/0/kusudama_orientation = Transform3D(1, 0, 0, 0, 1, 0, 0, 0, 1, 0, -6.57523e-05, 0)
constraints/0/kusudama_twist = Transform3D(1, 0, 0, 0, 1, 0, 0, 0, 1, 0, 0, 0)
constraints/1/bone_name = &"Joint_00"
constraints/1/twist_from = 3.14159
constraints/1/twist_range = 6.28318
constraints/1/twist_current = 1.0
constraints/1/kusudama_limit_cone_count = 0
constraints/1/bone_direction = Transform3D(-0.953189, -0.301305, 0.0254301, -0.301307, 0.939384, -0.16362, 0.0254108, -0.163623, -0.986196, 0, 0.0558072, 0)
constraints/1/kusudama_orientation = Transform3D(1, 0, 2.38419e-07, 0, 1, 0, -2.38419e-07, 0, 1, 0, 0.0558072, 0)
constraints/1/kusudama_twist = Transform3D(1, 0, 2.3842e-07, 0, 1, 0, -2.3842e-07, 0, 1, 0, 0.0558072, 0)
constraints/2/bone_name = &"Joint_01"
constraints/2/twist_from = 3.14159
constraints/2/twist_range = 6.28318
constraints/2/twist_current = 1.0
constraints/2/kusudama_limit_cone_count = 2
constraints/2/kusudama_limit_cone/0/center = Vector3(0, 1, 0)
constraints/2/kusudama_limit_cone/0/radius = 0.174533
constraints/2/kusudama_limit_cone/1/center = Vector3(0, 1, 0)
constraints/2/kusudama_limit_cone/1/radius = 0.174533
constraints/2/bone_direction = Transform3D(0.953228, -0.30086, 0.0289922, 0.291106, 0.939648, 0.179777, -0.0813302, -0.162929, 0.98328, -0.0267013, 0.139043, -0.0144327)
constraints/2/kusudama_orientation = Transform3D(-0.953159, -0.301406, 0.0253324, -0.301398, 0.939408, -0.163315, 0.0254266, -0.163301, -0.986249, -0.0267013, 0.139043, -0.0144327)
constraints/2/kusudama_twist = Transform3D(-0.993522, 0.112287, -0.0174868, 0.112378, 0.947907, -0.298065, -0.0168929, -0.2981, -0.954385, 0.00993441, 0.139749, -0.0263679)
constraints/3/bone_name = &"Joint_02"
constraints/3/twist_from = 3.14159
constraints/3/twist_range = 6.28318
constraints/3/twist_current = 1.0
constraints/3/kusudama_limit_cone_count = 0
constraints/3/bone_direction = Transform3D(-0.953277, -0.301309, 0.0218308, -0.300713, 0.939508, -0.164005, 0.0289061, -0.162907, -0.986218, -0.10431, 0.38097, -0.0563823)
constraints/3/kusudama_orientation = Transform3D(0.953101, -0.301259, 0.0289889, 0.291499, 0.939524, 0.179788, -0.0813985, -0.162906, 0.983278, -0.10431, 0.38097, -0.0563823)
constraints/3/kusudama_twist = Transform3D(0.968331, 0.24885, -0.0202109, -0.23984, 0.949647, 0.201611, 0.0693641, -0.190379, 0.979257, 0.0738326, 0.384017, -0.0753422)
constraints/4/bone_name = &"Joint_03"
constraints/4/twist_from = 3.14159
constraints/4/twist_range = 6.28318
constraints/4/twist_current = 1.0
constraints/4/kusudama_limit_cone_count = 0
constraints/4/bone_direction = Transform3D(-0.844624, -0.301485, 0.4424, -0.342087, 0.939581, -0.0128073, -0.411809, -0.162156, -0.896726, -0.181915, 0.622887, -0.0983302)
constraints/4/kusudama_orientation = Transform3D(-0.953279, -0.301303, 0.0218344, -0.300707, 0.939508, -0.164016, 0.028905, -0.162919, -0.986216, -0.181915, 0.622887, -0.0983302)
constraints/4/kusudama_twist = Transform3D(0.908176, 0.149329, -0.391046, -0.358686, 0.759197, -0.543106, 0.215779, 0.633499, 0.743047, 0.112254, 0.579368, 0.0876679)
constraints/5/bone_name = &"Joint_04"
constraints/5/twist_from = 3.14159
constraints/5/twist_range = 6.28318
constraints/5/twist_current = 1.0
constraints/5/kusudama_limit_cone_count = 0
constraints/5/bone_direction = Transform3D(-0.858323, -0.301239, 0.415377, -0.341641, 0.939508, -0.0246095, -0.382836, -0.163033, -0.909316, -0.197092, 0.670199, -0.106534)
constraints/5/kusudama_orientation = Transform3D(-0.844599, -0.301395, 0.442509, -0.342166, 0.939547, -0.0131481, -0.411795, -0.162517, -0.896667, -0.197092, 0.670199, -0.106534)
constraints/5/kusudama_twist = Transform3D(0.389575, -0.890387, -0.235462, 0.880098, 0.435243, -0.189713, 0.271401, -0.133323, 0.953188, 0.067476, 0.601255, 0.0809819)
constraints/6/bone_name = &"Joint_05"
constraints/6/twist_from = 3.14159
constraints/6/twist_range = 6.28318
constraints/6/twist_current = 1.0
constraints/6/kusudama_limit_cone_count = 0
constraints/6/bone_direction = Transform3D(1, 5.81145e-07, 1.15484e-07, 5.96046e-08, 0.999999, 2.38419e-07, 2.42144e-07, 0, 0.999999, -0.215994, 0.72912, -0.116751)
constraints/6/kusudama_orientation = Transform3D(-0.858316, -0.301294, 0.415351, -0.341664, 0.939502, -0.0245302, -0.382832, -0.162965, -0.90933, -0.215994, 0.72912, -0.116751)
constraints/6/kusudama_twist = Transform3D(0.303376, -0.275203, -0.912265, 0.37175, 0.915703, -0.152614, 0.877363, -0.292835, 0.380108, 0.0502348, 0.658642, 0.0626297)
constraints/7/bone_name = &"Joint_05_Jaw_Right"
constraints/7/twist_from = 3.14159
constraints/7/twist_range = 6.28318
constraints/7/twist_current = null
constraints/7/kusudama_limit_cone_count = 0
constraints/7/bone_direction = Transform3D(1, 0, 0, 0, 1, 0, 0, 0, 1, 0, 0, 0)
constraints/7/kusudama_orientation = Transform3D(1, 0, 0, 0, 1, 0, 0, 0, 1, 0, 0, 0)
constraints/7/kusudama_twist = Transform3D(1, 0, 0, 0, 1, 0, 0, 0, 1, 0, 0, 0)
constraints/8/bone_name = &"Joint_05_Jaw_Left"
constraints/8/twist_from = 3.14159
constraints/8/twist_range = 6.28318
constraints/8/twist_current = null
constraints/8/kusudama_limit_cone_count = 0
constraints/8/bone_direction = Transform3D(1, 0, 0, 0, 1, 0, 0, 0, 1, 0, 0, 0)
constraints/8/kusudama_orientation = Transform3D(1, 0, 0, 0, 1, 0, 0, 0, 1, 0, 0, 0)
constraints/8/kusudama_twist = Transform3D(1, 0, 0, 0, 1, 0, 0, 0, 1, 0, 0, 0)
pin_count = 9
pins/0/bone_name = "Root"
pins/0/enabled = true
pins/0/target_node = NodePath("../Root")
pins/0/passthrough_factor = 0.0
pins/0/weight = 1.0
pins/0/direction_priorities = Vector3(0.2, 0, 0.2)
pins/1/bone_name = "Joint_00"
pins/1/enabled = false
pins/1/target_node = NodePath("../Joint_00")
pins/1/passthrough_factor = 0.0
pins/1/weight = 1.0
pins/1/direction_priorities = Vector3(0.2, 0, 0.2)
pins/2/bone_name = "Joint_01"
pins/2/enabled = false
pins/2/target_node = NodePath("../Joint_01")
pins/2/passthrough_factor = 0.0
pins/2/weight = 1.0
pins/2/direction_priorities = Vector3(0.2, 0, 0.2)
pins/3/bone_name = "Joint_02"
pins/3/enabled = false
pins/3/target_node = NodePath("../Joint_02")
pins/3/passthrough_factor = 0.0
pins/3/weight = 1.0
pins/3/direction_priorities = Vector3(0.2, 0, 0.2)
pins/4/bone_name = "Joint_03"
pins/4/enabled = false
pins/4/target_node = NodePath("../Joint_03")
pins/4/passthrough_factor = 0.0
pins/4/weight = 1.0
pins/4/direction_priorities = Vector3(0.2, 0, 0.2)
pins/5/bone_name = "Joint_04"
pins/5/enabled = false
pins/5/target_node = NodePath("../Joint_04")
pins/5/passthrough_factor = 0.0
pins/5/weight = 1.0
pins/5/direction_priorities = Vector3(0.2, 0, 0.2)
pins/6/bone_name = "Joint_05"
pins/6/enabled = true
pins/6/target_node = NodePath("../Joint_05")
pins/6/passthrough_factor = 0.0
pins/6/weight = 1.0
pins/6/direction_priorities = Vector3(0.2, 0, 0.2)
pins/7/bone_name = "Joint_05_Jaw_Right"
pins/7/enabled = false
pins/7/target_node = NodePath("../Joint_05_Jaw_Right")
pins/7/passthrough_factor = 0.0
pins/7/weight = 1.0
pins/7/direction_priorities = Vector3(0.2, 0, 0.2)
pins/8/bone_name = "Joint_05_Jaw_Left"
pins/8/enabled = false
pins/8/target_node = NodePath("../Joint_05_Jaw_Left")
pins/8/passthrough_factor = 0.0
pins/8/weight = 1.0
pins/8/direction_priorities = Vector3(0.2, 0, 0.2)

[node name="Root" type="Marker3D" parent="." index="2"]
transform = Transform3D(1, 0, 2.38419e-07, 0, 1, 0, -2.38419e-07, 0, 1, 0, -6.57523e-05, 0)

[node name="Joint_00" type="Marker3D" parent="." index="3"]
transform = Transform3D(1, 0, 0, 0, 1, 0, 0, 0, 1, 0, 0.0558072, 0)

[node name="Joint_01" type="Marker3D" parent="." index="4"]
transform = Transform3D(1, 0, 0, 0, 1, 0, 0, 0, 1, 0, 0.144347, 0)

[node name="Joint_02" type="Marker3D" parent="." index="5"]
transform = Transform3D(1, 0, 0, 0, 1, 0, 0, 0, 1, 0, 0.401344, 0)

[node name="Joint_03" type="Marker3D" parent="." index="6"]
transform = Transform3D(5.96046e-08, 1, -2.98023e-08, 1.49012e-07, 5.96046e-08, 1, 1, -2.98023e-08, -1.19209e-07, 0, 0.658643, 0)

[node name="Joint_04" type="Marker3D" parent="." index="7"]
transform = Transform3D(-1, 5.96046e-08, -2.98023e-08, -5.96046e-08, 1.053e-07, 1, 2.98023e-08, 1, -7.54979e-08, 0.0502351, 0.658643, -1.49712e-09)

[node name="Joint_05" type="Marker3D" parent="." index="8"]
transform = Transform3D(1, -2.98023e-08, -2.78181e-08, 5.96046e-08, 1, 1.053e-07, 5.76205e-08, -7.54979e-08, 1, -0.255014, 0.850757, -0.137842)

[node name="Joint_05_Jaw_Right" type="Marker3D" parent="." index="9"]
transform = Transform3D(-2.08616e-07, 0.998162, 0.060596, -1, -1.85304e-07, 1.70186e-07, 1.46278e-07, -0.060596, 0.998162, 0.0618595, 0.710994, 0.0788259)

[node name="Joint_05_Jaw_Left" type="Marker3D" parent="." index="10"]
transform = Transform3D(-8.9407e-08, 0.998162, -0.0605956, -1, -5.33334e-08, 1.83451e-07, 1.46278e-07, 0.0605956, 0.998162, 0.0618595, 0.710994, 0.0460793)
