[gd_scene load_steps=2 format=3 uid="uid://bf73owhwv3ae8"]

[ext_resource type="PackedScene" uid="uid://dwx87oc3a41md" path="res://n_bone_ik/art/many_bone_ik_3d_arm.glb" id="1_5uyx7"]

[node name="many_bone_ik_3d_arm" instance=ExtResource("1_5uyx7")]

[node name="Skeleton3D" parent="Robotic_Arm_Armature" index="0"]
bones/0/position = Vector3(0, -6.57523e-05, 0)
bones/0/rotation = Quaternion(0, 1.1921e-07, 0, 1)
bones/1/rotation = Quaternion(0.0173421, 0.999826, -0.00686041, -9.36939e-05)
bones/2/position = Vector3(2.5534e-05, 0.088402, 2.48536e-05)
bones/2/rotation = Quaternion(0.0123144, -0.000202071, -0.072293, 0.997307)
bones/2/scale = Vector3(1, 1, 1)
bones/3/position = Vector3(-1.46348e-05, 0.257429, 1.2829e-06)
bones/3/rotation = Quaternion(-0.224998, -0.447161, -0.212646, 0.839169)
bones/3/scale = Vector3(1, 1, 1)
bones/4/position = Vector3(-4.58956e-06, 0.257709, 1.28746e-05)
bones/4/rotation = Quaternion(-0.0802491, -0.402174, 0.0223184, 0.911766)
bones/4/scale = Vector3(1, 1, 1)
bones/5/position = Vector3(-2.10106e-06, 0.0503024, 1.01328e-05)
bones/5/rotation = Quaternion(-0.0153504, -0.0512707, 0.0754966, 0.995709)
bones/5/scale = Vector3(1, 1, 1)
bones/6/position = Vector3(6.64592e-06, 0.0627143, 1.00434e-05)
bones/6/rotation = Quaternion(-0.0147326, -0.594808, -0.10257, 0.797161)
bones/6/scale = Vector3(1, 1, 1)
bones/7/rotation = Quaternion(-0.0214338, 0.0214338, -0.706782, 0.706782)
bones/8/rotation = Quaternion(0.0214336, -0.0214337, -0.706782, 0.706782)

[node name="ManyBoneIK3D" type="ManyBoneIK3D" parent="." index="1"]
skeleton_node_path = NodePath("../Robotic_Arm_Armature/Skeleton3D")
default_damp = 4.71239
constraint_count = 9
constraints/0/bone_name = &"Root"
constraints/0/twist_from = 2.25706
constraints/0/twist_range = 6.28318
constraints/0/twist_current = 1.0
constraints/0/kusudama_limit_cone_count = 0
constraints/0/bone_direction = Transform3D(1, 0, 0, 0, 1, 0, 0, 0, 1, 0, 0, 0)
constraints/0/kusudama_orientation = Transform3D(1, 0, 0, 0, 1, 0, 0, 0, 1, 0, -6.57523e-05, 0)
constraints/0/kusudama_twist = Transform3D(1, 0, 0, 0, 1, 0, 0, 0, 1, 0, 0, 0)
constraints/1/bone_name = &"Joint_00"
constraints/1/twist_from = 3.14159
constraints/1/twist_range = 6.28318
constraints/1/twist_current = 1.0
constraints/1/kusudama_limit_cone_count = 2
constraints/1/kusudama_limit_cone/0/center = Vector3(0, 1, 0)
constraints/1/kusudama_limit_cone/0/radius = 0.174533
constraints/1/kusudama_limit_cone/1/center = Vector3(0, 1, 0)
constraints/1/kusudama_limit_cone/1/radius = 0.174533
constraints/1/bone_direction = Transform3D(1, 0, 2.38419e-07, 0, 1, 0, -2.38419e-07, 0, 1, 0, 0.0558072, 0)
constraints/1/kusudama_orientation = Transform3D(1, 0, 2.38419e-07, 0, 1, 0, -2.38419e-07, 0, 1, 0, 0.0558072, 0)
constraints/1/kusudama_twist = Transform3D(1, 0, 2.38419e-07, 0, 1, 0, -2.38419e-07, 0, 1, 0, 0.0558072, 0)
constraints/2/bone_name = &"Joint_01"
constraints/2/twist_from = 3.14159
constraints/2/twist_range = 6.28318
constraints/2/twist_current = 1.0
constraints/2/kusudama_limit_cone_count = 2
constraints/2/kusudama_limit_cone/0/center = Vector3(0, 1, 0)
constraints/2/kusudama_limit_cone/0/radius = 0.174533
constraints/2/kusudama_limit_cone/1/center = Vector3(0, 1, 0)
constraints/2/kusudama_limit_cone/1/radius = 0.174533
constraints/2/bone_direction = Transform3D(-0.999399, 0.0346591, -0.000420616, 0.0346616, 0.999305, -0.0137023, -5.45854e-05, -0.0137087, -0.999906, 0.00303854, 0.144153, -0.00123674)
constraints/2/kusudama_orientation = Transform3D(-0.999399, 0.0346769, -0.000425541, 0.0346794, 0.999304, -0.0137152, -5.03542e-05, -0.0137217, -0.999906, 0.00303998, 0.144148, -0.00123788)
constraints/2/kusudama_twist = Transform3D(-0.999399, 0.0346591, -0.000420616, 0.0346616, 0.999305, -0.0137023, -5.45854e-05, -0.0137087, -0.999906, 0.00303854, 0.144153, -0.00123674)
constraints/3/bone_name = &"Joint_02"
constraints/3/twist_from = 3.14159
constraints/3/twist_range = 6.28318
constraints/3/twist_current = 1.0
constraints/3/kusudama_limit_cone_count = 0
constraints/3/bone_direction = Transform3D(-0.993954, -0.109792, 0.000886084, -0.109745, 0.993221, -0.0383106, 0.00332612, -0.0381762, -0.999265, -0.0252113, 0.399846, -0.0110661)
constraints/3/kusudama_orientation = Transform3D(-0.993952, -0.109812, 0.000906083, -0.109765, 0.993219, -0.038303, 0.00330617, -0.0381708, -0.999266, -0.0252142, 0.399833, -0.0110655)
constraints/3/kusudama_twist = Transform3D(-0.993954, -0.109792, 0.000886084, -0.109745, 0.993221, -0.0383106, 0.00332612, -0.0381762, -0.999265, -0.0252113, 0.399846, -0.0110661)
constraints/4/bone_name = &"Joint_03"
constraints/4/twist_from = 3.14159
constraints/4/twist_range = 6.28318
constraints/4/twist_current = 1.0
constraints/4/kusudama_limit_cone_count = 0
constraints/4/bone_direction = Transform3D(-0.488706, -0.643684, 0.588929, -0.242977, 0.74874, 0.616726, -0.837931, 0.158301, -0.522314, -0.19108, 0.592805, 0.0297263)
constraints/4/kusudama_orientation = Transform3D(-0.488714, -0.643669, 0.588939, -0.24297, 0.748753, 0.616713, -0.837928, 0.158302, -0.522318, -0.191083, 0.592803, 0.0297273)
constraints/4/kusudama_twist = Transform3D(-0.488706, -0.643684, 0.588929, -0.242977, 0.74874, 0.616726, -0.837931, 0.158301, -0.522314, -0.19108, 0.592805, 0.0297263)
constraints/5/bone_name = &"Joint_04"
constraints/5/twist_from = 3.14159
constraints/5/twist_range = 6.28318
constraints/5/twist_current = 1.0
constraints/5/kusudama_limit_cone_count = 0
constraints/5/bone_direction = Transform3D(0.0319204, -0.743163, 0.668349, 0.364751, 0.631233, 0.684472, -0.930558, 0.221932, 0.291219, -0.228457, 0.624564, 0.0408956)
constraints/5/kusudama_orientation = Transform3D(0.0319267, -0.743149, 0.668364, 0.364748, 0.631249, 0.684458, -0.930559, 0.221932, 0.291216, -0.228459, 0.624562, 0.0408959)
constraints/5/kusudama_twist = Transform3D(0.0319204, -0.743163, 0.668349, 0.364751, 0.631233, 0.684472, -0.930558, 0.221932, 0.291219, -0.228457, 0.624564, 0.0408956)
constraints/6/bone_name = &"Joint_05"
constraints/6/twist_from = 2.96933
constraints/6/twist_range = 6.28318
constraints/6/twist_current = 1.0
constraints/6/kusudama_limit_cone_count = 0
constraints/6/bone_direction = Transform3D(-0.0148419, -0.76472, 0.644191, 0.522879, 0.543215, 0.656898, -0.852277, 0.346584, 0.391794, -0.276409, 0.658643, 0.0626298)
constraints/6/kusudama_orientation = Transform3D(-0.014812, -0.764683, 0.644237, 0.522869, 0.54327, 0.656861, -0.852284, 0.346581, 0.391782, -0.276409, 0.658643, 0.0626298)
constraints/6/kusudama_twist = Transform3D(-0.0148419, -0.76472, 0.644191, 0.522879, 0.543215, 0.656898, -0.852277, 0.346584, 0.391794, -0.276409, 0.658643, 0.0626298)
constraints/7/bone_name = &"Joint_05_Jaw_Right"
constraints/7/twist_from = 3.14159
constraints/7/twist_range = 6.28318
constraints/7/twist_current = null
constraints/7/kusudama_limit_cone_count = 0
constraints/7/bone_direction = Transform3D(1, 0, 0, 0, 1, 0, 0, 0, 1, 0, 0, 0)
constraints/7/kusudama_orientation = Transform3D(1, 0, 0, 0, 1, 0, 0, 0, 1, 0, 0, 0)
constraints/7/kusudama_twist = Transform3D(1, 0, 0, 0, 1, 0, 0, 0, 1, 0, 0, 0)
constraints/8/bone_name = &"Joint_05_Jaw_Left"
constraints/8/twist_from = 3.14159
constraints/8/twist_range = 6.28318
constraints/8/twist_current = null
constraints/8/kusudama_limit_cone_count = 0
constraints/8/bone_direction = Transform3D(1, 0, 0, 0, 1, 0, 0, 0, 1, 0, 0, 0)
constraints/8/kusudama_orientation = Transform3D(1, 0, 0, 0, 1, 0, 0, 0, 1, 0, 0, 0)
constraints/8/kusudama_twist = Transform3D(1, 0, 0, 0, 1, 0, 0, 0, 1, 0, 0, 0)
pin_count = 9
pins/0/bone_name = "Root"
pins/0/enabled = true
pins/0/target_node = NodePath("../Root")
pins/0/passthrough_factor = 0.0
pins/0/weight = 1.0
pins/0/direction_priorities = Vector3(0.2, 0, 0.2)
pins/1/bone_name = "Joint_00"
pins/1/enabled = false
pins/1/target_node = NodePath("../Joint_00")
pins/1/passthrough_factor = 0.0
pins/1/weight = 1.0
pins/1/direction_priorities = Vector3(0.2, 0, 0.2)
pins/2/bone_name = "Joint_01"
pins/2/enabled = false
pins/2/target_node = NodePath("../Joint_01")
pins/2/passthrough_factor = 0.0
pins/2/weight = 1.0
pins/2/direction_priorities = Vector3(0.2, 0, 0.2)
pins/3/bone_name = "Joint_02"
pins/3/enabled = false
pins/3/target_node = NodePath("../Joint_02")
pins/3/passthrough_factor = 0.0
pins/3/weight = 1.0
pins/3/direction_priorities = Vector3(0.2, 0, 0.2)
pins/4/bone_name = "Joint_03"
pins/4/enabled = false
pins/4/target_node = NodePath("../Joint_03")
pins/4/passthrough_factor = 0.0
pins/4/weight = 1.0
pins/4/direction_priorities = Vector3(0.2, 0, 0.2)
pins/5/bone_name = "Joint_04"
pins/5/enabled = false
pins/5/target_node = NodePath("../Joint_04")
pins/5/passthrough_factor = 0.0
pins/5/weight = 1.0
pins/5/direction_priorities = Vector3(0.2, 0, 0.2)
pins/6/bone_name = "Joint_05"
pins/6/enabled = true
pins/6/target_node = NodePath("../Joint_05")
pins/6/passthrough_factor = 0.0
pins/6/weight = 1.0
pins/6/direction_priorities = Vector3(0.2, 0, 0.2)
pins/7/bone_name = "Joint_05_Jaw_Right"
pins/7/enabled = false
pins/7/target_node = NodePath("../Joint_05_Jaw_Right")
pins/7/passthrough_factor = 0.0
pins/7/weight = 1.0
pins/7/direction_priorities = Vector3(0.2, 0, 0.2)
pins/8/bone_name = "Joint_05_Jaw_Left"
pins/8/enabled = false
pins/8/target_node = NodePath("../Joint_05_Jaw_Left")
pins/8/passthrough_factor = 0.0
pins/8/weight = 1.0
pins/8/direction_priorities = Vector3(0.2, 0, 0.2)

[node name="Root" type="Marker3D" parent="." index="2"]
transform = Transform3D(1, 0, 2.38419e-07, 0, 1, 0, -2.38419e-07, 0, 1, 0, -6.57523e-05, 0)

[node name="Joint_00" type="Marker3D" parent="." index="3"]
transform = Transform3D(1, 0, 0, 0, 1, 0, 0, 0, 1, 0, 0.0558072, 0)

[node name="Joint_01" type="Marker3D" parent="." index="4"]
transform = Transform3D(1, 0, 0, 0, 1, 0, 0, 0, 1, 0, 0.144347, 0)

[node name="Joint_02" type="Marker3D" parent="." index="5"]
transform = Transform3D(1, 0, 0, 0, 1, 0, 0, 0, 1, 0, 0.401344, 0)

[node name="Joint_03" type="Marker3D" parent="." index="6"]
transform = Transform3D(5.96046e-08, 1, -2.98023e-08, 1.49012e-07, 5.96046e-08, 1, 1, -2.98023e-08, -1.19209e-07, 0, 0.658643, 0)

[node name="Joint_04" type="Marker3D" parent="." index="7"]
transform = Transform3D(-1, 5.96046e-08, -2.98023e-08, -5.96046e-08, 1.053e-07, 1, 2.98023e-08, 1, -7.54979e-08, 0.0502351, 0.658643, -1.49712e-09)

[node name="Joint_05" type="Marker3D" parent="." index="8"]
transform = Transform3D(1, -2.98023e-08, -2.78181e-08, 5.96046e-08, 1, 1.053e-07, 5.76205e-08, -7.54979e-08, 1, -0.276409, 0.658643, 0.0626298)

[node name="Joint_05_Jaw_Right" type="Marker3D" parent="." index="9"]
transform = Transform3D(-2.08616e-07, 0.998162, 0.060596, -1, -1.85304e-07, 1.70186e-07, 1.46278e-07, -0.060596, 0.998162, 0.0618595, 0.710994, 0.0788259)

[node name="Joint_05_Jaw_Left" type="Marker3D" parent="." index="10"]
transform = Transform3D(-8.9407e-08, 0.998162, -0.0605956, -1, -5.33334e-08, 1.83451e-07, 1.46278e-07, 0.0605956, 0.998162, 0.0618595, 0.710994, 0.0460793)
