[gd_scene load_steps=2 format=3 uid="uid://bf73owhwv3ae8"]

[ext_resource type="PackedScene" uid="uid://dwx87oc3a41md" path="res://n_bone_ik/art/many_bone_ik_3d_arm.glb" id="1_5uyx7"]

[node name="many_bone_ik_3d_arm" instance=ExtResource("1_5uyx7")]

[node name="Skeleton3D" parent="Robotic_Arm_Armature" index="0"]
bones/0/position = Vector3(0.0502351, -0.00642437, -0.00430212)
bones/0/rotation = Quaternion(-5.26193e-08, -2.13986e-08, 2.97996e-08, 1)
bones/1/position = Vector3(-1.76579e-05, 0.0558692, 7.77598e-05)
bones/1/rotation = Quaternion(0.308024, 0.346197, 0.121275, 0.877816)
bones/2/position = Vector3(2.45124e-06, 0.0883792, -2.72905e-05)
bones/2/rotation = Quaternion(0.0190358, -0.708177, -0.000471824, 0.705778)
bones/2/scale = Vector3(1, 1, 1)
bones/3/position = Vector3(1.15801e-05, 0.257312, -1.89617e-05)
bones/3/rotation = Quaternion(-0.378377, 0.619888, 0.033757, 0.686607)
bones/4/position = Vector3(4.09782e-07, 0.257536, 0.000113875)
bones/4/rotation = Quaternion(-0.144858, -0.726898, 0.026126, 0.670785)
bones/4/scale = Vector3(1, 1, 1)
bones/5/position = Vector3(-2.59876e-05, 0.0504215, -9.55164e-06)
bones/5/rotation = Quaternion(0.00893761, -0.549875, 0.241362, 0.799563)
bones/5/scale = Vector3(1, 1, 1)
bones/6/position = Vector3(1.81794e-06, 0.0627244, 1.17123e-05)
bones/6/rotation = Quaternion(0.372332, 0.6355, -0.574446, 0.357101)
bones/6/scale = Vector3(1, 1, 1)
bones/7/rotation = Quaternion(-0.0214338, 0.0214338, -0.706782, 0.706782)
bones/8/rotation = Quaternion(0.0214336, -0.0214337, -0.706782, 0.706782)

[node name="ManyBoneIK3D" type="ManyBoneIK3D" parent="." index="1"]
skeleton_node_path = NodePath("../Robotic_Arm_Armature/Skeleton3D")
bone_count = 9
bone/0/bone_name = null
bone/0/damp = 3.14159
bone/1/bone_name = null
bone/1/damp = 3.14159
bone/2/bone_name = null
bone/2/damp = 3.14159
bone/3/bone_name = null
bone/3/damp = 3.14159
bone/4/bone_name = null
bone/4/damp = 3.14159
bone/5/bone_name = null
bone/5/damp = 3.14159
bone/6/bone_name = null
bone/6/damp = 3.14159
bone/7/bone_name = null
bone/7/damp = 3.14159
bone/8/bone_name = null
bone/8/damp = 3.14159
constraint_count = 9
constraints/0/bone_name = &"Root"
constraints/0/twist_from = 3.14159
constraints/0/twist_range = 6.28318
constraints/0/twist_current = 0.500001
constraints/0/kusudama_limit_cone_count = 0
constraints/0/kusudama_twist = Transform3D(1, 0, 0, 0, 1, 0, 0, 0, 1, 0, 0, 0)
constraints/0/kusudama_orientation = Transform3D(1, 0, 0, 0, 1, 0, 0, 0, 1, 0.0502351, -0.00642437, -0.00430212)
constraints/0/bone_direction = Transform3D(1, -5.95991e-08, -4.27972e-08, 5.95991e-08, 1, 1.05239e-07, 4.27972e-08, -1.05239e-07, 1, 0.0502351, -0.00642437, -0.00430212)
constraints/1/bone_name = &"Joint_00"
constraints/1/twist_from = 3.14159
constraints/1/twist_range = 6.28318
constraints/1/twist_current = 0.619594
constraints/1/kusudama_limit_cone_count = 0
constraints/1/kusudama_twist = Transform3D(1, 0, 2.38419e-07, 0, 1, 0, -2.38419e-07, 0, 1, 0, 0.0558072, 0)
constraints/1/kusudama_orientation = Transform3D(1, -5.95991e-08, -4.27972e-08, 5.95991e-08, 1, 1.05239e-07, 4.27972e-08, -1.05239e-07, 1, 0.0502174, 0.0494448, -0.00422437)
constraints/1/bone_direction = Transform3D(0.73088, 0.000693382, 0.682505, 0.42618, 0.780613, -0.45718, -0.53309, 0.625014, 0.57024, 0.0502174, 0.0494448, -0.00422437)
constraints/2/bone_name = &"Joint_01"
constraints/2/twist_from = 3.14159
constraints/2/twist_range = 6.28318
constraints/2/twist_current = 0.24946
constraints/2/kusudama_limit_cone_count = 0
constraints/2/kusudama_twist = Transform3D(0.997286, 0.0736183, 0.000289923, -0.0719749, 0.974182, 0.213984, 0.0154707, -0.213424, 0.976837, 0.006506, 0.141904, -0.0189054)
constraints/2/kusudama_orientation = Transform3D(0.73088, 0.000358938, 0.682505, 0.426188, 0.780828, -0.456806, -0.533083, 0.624746, 0.570539, 0.0502323, 0.118467, 0.0509733)
constraints/2/bone_direction = Transform3D(0.680018, -0.00015474, -0.733196, -0.479475, 0.756442, -0.444859, 0.554689, 0.654061, 0.514319, 0.0502323, 0.118467, 0.0509733)
constraints/3/bone_name = &"Joint_02"
constraints/3/twist_from = 3.14159
constraints/3/twist_range = 6.28318
constraints/3/twist_current = 0.733777
constraints/3/kusudama_limit_cone_count = 0
constraints/3/kusudama_twist = Transform3D(0.996266, 0.0775078, 0.0380297, -0.0774938, 0.996991, -0.00184323, -0.0380581, -0.0011107, 0.999275, 0.026448, 0.398354, -0.0192171)
constraints/3/kusudama_orientation = Transform3D(0.680018, -6.50598e-05, -0.733196, -0.479493, 0.756475, -0.444783, 0.554673, 0.654023, 0.514385, 0.0502374, 0.31312, 0.219258)
constraints/3/bone_direction = Transform3D(0.798742, -0.000545103, 0.601674, -0.0397186, 0.99777, 0.0536316, -0.600362, -0.0667356, 0.796939, 0.0502374, 0.31312, 0.219258)
constraints/4/bone_name = &"Joint_03"
constraints/4/twist_from = 3.14159
constraints/4/twist_range = 6.28318
constraints/4/twist_current = 0.237226
constraints/4/kusudama_limit_cone_count = 0
constraints/4/kusudama_twist = Transform3D(0.99535, 0.0673773, 0.068832, -0.00522546, 0.751338, -0.659897, -0.0961782, 0.656469, 0.748197, 0.0438057, 0.591758, 0.149912)
constraints/4/kusudama_orientation = Transform3D(0.798742, -0.00028879, 0.601674, -0.0397179, 0.997793, 0.0532056, -0.600362, -0.0663949, 0.796968, 0.0502318, 0.570094, 0.202249)
constraints/4/bone_direction = Transform3D(0.535689, 0.000257276, -0.844415, 0.298472, 0.93539, 0.189633, 0.789906, -0.353619, 0.501001, 0.0502318, 0.570094, 0.202249)
constraints/5/bone_name = &"Joint_04"
constraints/5/twist_from = 3.14159
constraints/5/twist_range = 6.28318
constraints/5/twist_current = 0.308234
constraints/5/kusudama_limit_cone_count = 0
constraints/5/kusudama_twist = Transform3D(-0.0207699, 0.0607697, -0.997936, -0.764809, 0.641905, 0.0550069, 0.643922, 0.764372, 0.033145, 0.0468772, 0.624125, 0.188419)
constraints/5/kusudama_orientation = Transform3D(0.535689, 0.000158059, -0.844415, 0.298893, 0.935223, 0.18979, 0.789747, -0.354058, 0.500942, 0.0502339, 0.61724, 0.184372)
constraints/5/bone_direction = Transform3D(-0.596765, 0.000323916, -0.802416, 0.602795, 0.660226, -0.44804, 0.529631, -0.751067, -0.394195, 0.0502339, 0.61724, 0.184372)
constraints/6/bone_name = &"Joint_05"
constraints/6/twist_from = 3.14159
constraints/6/twist_range = 6.28318
constraints/6/twist_current = 0.851788
constraints/6/kusudama_limit_cone_count = 0
constraints/6/kusudama_twist = Transform3D(-0.791794, 0.0536523, -0.608428, -0.48496, 0.550356, 0.679648, 0.371317, 0.833204, -0.409749, 0.0502351, 0.658642, 0.24066)
constraints/6/kusudama_orientation = Transform3D(-0.596765, 0.000186366, -0.802416, 0.6028, 0.660143, -0.448156, 0.529626, -0.75114, -0.394063, 0.0502352, 0.658643, 0.137253)
constraints/6/bone_direction = Transform3D(1, 4.91738e-07, 8.56817e-08, 1.71363e-07, 1, 1.19209e-07, 1.08033e-07, 5.66244e-07, 1, 0.0502352, 0.658643, 0.137253)
constraints/7/bone_name = &"Joint_05_Jaw_Right"
constraints/7/twist_from = 3.14159
constraints/7/twist_range = 6.28318
constraints/7/twist_current = null
constraints/7/kusudama_limit_cone_count = 0
constraints/7/kusudama_twist = Transform3D(1, 0, 0, 0, 1, 0, 0, 0, 1, 0, 0, 0)
constraints/7/kusudama_orientation = Transform3D(1, 0, 0, 0, 1, 0, 0, 0, 1, 0, 0, 0)
constraints/7/bone_direction = Transform3D(1, 0, 0, 0, 1, 0, 0, 0, 1, 0, 0, 0)
constraints/8/bone_name = &"Joint_05_Jaw_Left"
constraints/8/twist_from = 3.14159
constraints/8/twist_range = 6.28318
constraints/8/twist_current = null
constraints/8/kusudama_limit_cone_count = 0
constraints/8/kusudama_twist = Transform3D(1, 0, 0, 0, 1, 0, 0, 0, 1, 0, 0, 0)
constraints/8/kusudama_orientation = Transform3D(1, 0, 0, 0, 1, 0, 0, 0, 1, 0, 0, 0)
constraints/8/bone_direction = Transform3D(1, 0, 0, 0, 1, 0, 0, 0, 1, 0, 0, 0)
pin_count = 9
pins/0/bone_name = "Root"
pins/0/enabled = true
pins/0/target_node = NodePath("../Root")
pins/0/passthrough_factor = 0.0
pins/0/weight = 1.0
pins/0/direction_priorities = Vector3(0.2, 0, 0.2)
pins/1/bone_name = "Joint_00"
pins/1/enabled = false
pins/1/target_node = NodePath("")
pins/1/passthrough_factor = 1.0
pins/1/weight = 1.0
pins/1/direction_priorities = Vector3(0.2, 0, 0.2)
pins/2/bone_name = "Joint_01"
pins/2/enabled = false
pins/2/target_node = NodePath("")
pins/2/passthrough_factor = 1.0
pins/2/weight = 1.0
pins/2/direction_priorities = Vector3(0.2, 0, 0.2)
pins/3/bone_name = "Joint_02"
pins/3/enabled = false
pins/3/target_node = NodePath("")
pins/3/passthrough_factor = 1.0
pins/3/weight = 1.0
pins/3/direction_priorities = Vector3(0.2, 0, 0.2)
pins/4/bone_name = "Joint_03"
pins/4/enabled = false
pins/4/target_node = NodePath("")
pins/4/passthrough_factor = 1.0
pins/4/weight = 1.0
pins/4/direction_priorities = Vector3(0.2, 0, 0.2)
pins/5/bone_name = "Joint_04"
pins/5/enabled = false
pins/5/target_node = NodePath("")
pins/5/passthrough_factor = 1.0
pins/5/weight = 1.0
pins/5/direction_priorities = Vector3(0.2, 0, 0.2)
pins/6/bone_name = "Joint_05"
pins/6/enabled = true
pins/6/target_node = NodePath("../Joint_05")
pins/6/passthrough_factor = 1.0
pins/6/weight = 1.0
pins/6/direction_priorities = Vector3(0.2, 0, 0.2)
pins/7/bone_name = "Joint_05_Jaw_Right"
pins/7/enabled = false
pins/7/target_node = NodePath("")
pins/7/passthrough_factor = 1.0
pins/7/weight = 1.0
pins/7/direction_priorities = Vector3(0.2, 0, 0.2)
pins/8/bone_name = "Joint_05_Jaw_Left"
pins/8/enabled = false
pins/8/target_node = NodePath("")
pins/8/passthrough_factor = 1.0
pins/8/weight = 1.0
pins/8/direction_priorities = Vector3(0.2, 0, 0.2)

[node name="Joint_05" type="Marker3D" parent="." index="2"]
transform = Transform3D(1, -2.98023e-08, -2.78181e-08, 5.96046e-08, 1, 1.053e-07, 5.76205e-08, -7.54979e-08, 1, 0.0502351, 0.658643, 0.137254)

[node name="Root" type="Marker3D" parent="." index="3"]
transform = Transform3D(1, -2.98023e-08, -2.78181e-08, 5.96046e-08, 1, 1.053e-07, 5.76205e-08, -7.54979e-08, 1, 0.0502351, -0.00642437, -0.00430211)
