[gd_scene load_steps=2 format=3 uid="uid://bf73owhwv3ae8"]

[ext_resource type="PackedScene" uid="uid://dwx87oc3a41md" path="res://n_bone_ik/art/many_bone_ik_3d_arm.glb" id="1_5uyx7"]

[node name="many_bone_ik_3d_arm" instance=ExtResource("1_5uyx7")]

[node name="Skeleton3D" parent="Robotic_Arm_Armature" index="0"]
bones/1/rotation = Quaternion(0.0381047, 0.00415891, 0.00369984, 0.999258)
bones/2/position = Vector3(-6.8103e-09, 0.0885408, 2.42144e-08)
bones/2/rotation = Quaternion(-0.0241138, -2.31741e-05, 0.00641377, 0.999689)
bones/2/scale = Vector3(1, 1, 1)
bones/3/position = Vector3(-6.00703e-08, 0.257009, -3.61353e-07)
bones/3/rotation = Quaternion(-0.0251451, 0.00264886, 0.00529993, 0.999666)
bones/3/scale = Vector3(1, 1, 1)
bones/4/position = Vector3(-9.31323e-09, 0.257307, 1.11759e-07)
bones/4/rotation = Quaternion(-0.319086, -0.469657, -0.450193, 0.689154)
bones/4/scale = Vector3(1, 1, 1)
bones/5/position = Vector3(-9.98378e-07, 0.0502359, 3.51667e-06)
bones/5/rotation = Quaternion(-0.0239059, 0.0396669, -0.67077, 0.740218)
bones/5/scale = Vector3(1, 1, 1)
bones/6/position = Vector3(1.04308e-06, 0.0626318, -9.53674e-07)
bones/6/rotation = Quaternion(0.109652, 0.947849, 0.198316, 0.224119)
bones/6/scale = Vector3(1, 1, 1)
bones/7/rotation = Quaternion(-0.0214338, 0.0214338, -0.706782, 0.706782)
bones/8/rotation = Quaternion(0.0214336, -0.0214337, -0.706782, 0.706782)

[node name="ManyBoneIK3D" type="ManyBoneIK3D" parent="." index="1"]
skeleton_node_path = NodePath("../Robotic_Arm_Armature/Skeleton3D")
bone_count = 9
bone/0/bone_name = null
bone/0/damp = 3.14159
bone/1/bone_name = null
bone/1/damp = 3.14159
bone/2/bone_name = null
bone/2/damp = 3.14159
bone/3/bone_name = null
bone/3/damp = 3.14159
bone/4/bone_name = null
bone/4/damp = 3.14159
bone/5/bone_name = null
bone/5/damp = 3.14159
bone/6/bone_name = null
bone/6/damp = 3.14159
bone/7/bone_name = null
bone/7/damp = 3.14159
bone/8/bone_name = null
bone/8/damp = 3.14159
constraint_count = 9
constraints/0/bone_name = &"Root"
constraints/0/twist_from = 3.14159
constraints/0/twist_range = 6.28318
constraints/0/twist_current = 0.500001
constraints/0/kusudama_limit_cone_count = 0
constraints/0/kusudama_twist = Transform3D(1, 0, 0, 0, 1, 0, 0, 0, 1, 0, 0, 0)
constraints/0/kusudama_orientation = Transform3D(1, 0, 0, 0, 1, 0, 0, 0, 1, 0, -6.57523e-05, 0)
constraints/0/bone_direction = Transform3D(1, 0, 2.38419e-07, 0, 1, 0, -2.38419e-07, 0, 1, 0, -6.57523e-05, 0)
constraints/1/bone_name = &"Joint_00"
constraints/1/twist_from = 3.14159
constraints/1/twist_range = 6.28318
constraints/1/twist_current = 0.500006
constraints/1/kusudama_limit_cone_count = 0
constraints/1/kusudama_twist = Transform3D(1, 0, 2.38419e-07, 0, 1, 0, -2.38419e-07, 0, 1, 0, 0.0558072, 0)
constraints/1/kusudama_orientation = Transform3D(1, 0, 2.38419e-07, 0, 1, 0, -2.38419e-07, 0, 1, 0, 0.0558072, 0)
constraints/1/bone_direction = Transform3D(0.999938, -0.00707722, 0.00859385, 0.00771113, 0.997069, -0.0761221, -0.00802992, 0.0761836, 0.997061, 0, 0.0558072, 0)
constraints/2/bone_name = &"Joint_01"
constraints/2/twist_from = 3.14159
constraints/2/twist_range = 6.28318
constraints/2/twist_current = 0.500001
constraints/2/kusudama_limit_cone_count = 0
constraints/2/kusudama_twist = Transform3D(1, 0, 0, 0, 1, 0, 0, 0, 1, 0, 0.144347, 0)
constraints/2/kusudama_orientation = Transform3D(0.999938, -0.00707722, 0.00859385, 0.00771113, 0.997069, -0.0761221, -0.00802992, 0.0761836, 0.997061, -0.00062663, 0.144088, 0.00674539)
constraints/2/bone_direction = Transform3D(0.999763, -0.0203044, 0.00788701, 0.0205176, 0.999398, -0.0279653, -0.00731444, 0.0281205, 0.999578, -0.00062663, 0.144088, 0.00674539)
constraints/3/bone_name = &"Joint_02"
constraints/3/twist_from = 3.14159
constraints/3/twist_range = 6.28318
constraints/3/twist_current = 0.500003
constraints/3/kusudama_limit_cone_count = 0
constraints/3/kusudama_twist = Transform3D(1, 0, 0, 0, 1, 0, 0, 0, 1, 0, 0.401344, 0)
constraints/3/kusudama_orientation = Transform3D(0.999763, -0.0203044, 0.00788701, 0.0205176, 0.999398, -0.0279653, -0.00731444, 0.0281205, 0.999578, -0.0058451, 0.400943, 0.0139722)
constraints/3/bone_direction = Transform3D(0.999436, -0.0314008, 0.0118838, 0.0311285, 0.999263, 0.0224449, -0.0125798, -0.0220623, 0.999677, -0.0058451, 0.400943, 0.0139722)
constraints/4/bone_name = &"Joint_03"
constraints/4/twist_from = 3.14159
constraints/4/twist_range = 6.28318
constraints/4/twist_current = 0.309588
constraints/4/kusudama_limit_cone_count = 0
constraints/4/kusudama_twist = Transform3D(1, 0, 0, 0, 1, 0, 0, 0, 1, 0, 0.658643, 0)
constraints/4/kusudama_orientation = Transform3D(0.999436, -0.0314008, 0.0118838, 0.0311285, 0.999263, 0.0224449, -0.0125798, -0.0220623, 0.999677, -0.0139248, 0.65806, 0.00829558)
constraints/4/bone_direction = Transform3D(0.174591, 0.907228, -0.382695, -0.294791, 0.418998, 0.858801, 0.939476, -0.0371235, 0.340596, -0.0139248, 0.65806, 0.00829558)
constraints/5/bone_name = &"Joint_04"
constraints/5/twist_from = 3.14159
constraints/5/twist_range = 6.28318
constraints/5/twist_current = 0.517009
constraints/5/kusudama_limit_cone_count = 0
constraints/5/kusudama_twist = Transform3D(5.96046e-08, 1, -2.98023e-08, 1.49012e-07, 5.96046e-08, 1, 1, -2.98023e-08, -1.19209e-07, 0.0502351, 0.658643, -1.49712e-09)
constraints/5/kusudama_orientation = Transform3D(0.174591, 0.907228, -0.382695, -0.294791, 0.418998, 0.858801, 0.939476, -0.0371236, 0.340596, 0.0316491, 0.679112, 0.0064309)
constraints/5/bone_direction = Transform3D(-0.875494, 0.29676, -0.381371, -0.468354, -0.326796, 0.820883, 0.118974, 0.897295, 0.425096, 0.0316491, 0.679112, 0.0064309)
constraints/6/bone_name = &"Joint_05"
constraints/6/twist_from = 3.14159
constraints/6/twist_range = 6.28318
constraints/6/twist_current = 0.866648
constraints/6/kusudama_limit_cone_count = 0
constraints/6/kusudama_twist = Transform3D(-1, 5.96046e-08, -2.98023e-08, -5.96046e-08, 1.053e-07, 1, 2.98023e-08, 1, -7.54979e-08, 0.0502351, 0.658643, 0.0626298)
constraints/6/kusudama_orientation = Transform3D(-0.875494, 0.29676, -0.381371, -0.468354, -0.326796, 0.820883, 0.118974, 0.897295, 0.425096, 0.0502351, 0.658643, 0.0626298)
constraints/6/bone_direction = Transform3D(1, 6.15888e-08, -1.02324e-07, 1.47028e-07, 1, 2.08616e-07, -1.98423e-09, -3.27826e-07, 1, 0.0502351, 0.658643, 0.0626298)
constraints/7/bone_name = &"Joint_05_Jaw_Right"
constraints/7/twist_from = 3.14159
constraints/7/twist_range = 6.28318
constraints/7/twist_current = null
constraints/7/kusudama_limit_cone_count = 0
constraints/7/kusudama_twist = Transform3D(1, 0, 0, 0, 1, 0, 0, 0, 1, 0, 0, 0)
constraints/7/kusudama_orientation = Transform3D(1, 0, 0, 0, 1, 0, 0, 0, 1, 0, 0, 0)
constraints/7/bone_direction = Transform3D(1, 0, 0, 0, 1, 0, 0, 0, 1, 0, 0, 0)
constraints/8/bone_name = &"Joint_05_Jaw_Left"
constraints/8/twist_from = 3.14159
constraints/8/twist_range = 6.28318
constraints/8/twist_current = null
constraints/8/kusudama_limit_cone_count = 0
constraints/8/kusudama_twist = Transform3D(1, 0, 0, 0, 1, 0, 0, 0, 1, 0, 0, 0)
constraints/8/kusudama_orientation = Transform3D(1, 0, 0, 0, 1, 0, 0, 0, 1, 0, 0, 0)
constraints/8/bone_direction = Transform3D(1, 0, 0, 0, 1, 0, 0, 0, 1, 0, 0, 0)
pin_count = 9
pins/0/bone_name = "Root"
pins/0/enabled = true
pins/0/target_node = NodePath("")
pins/0/passthrough_factor = 0.0
pins/0/weight = 1.0
pins/0/direction_priorities = Vector3(0.2, 0, 0.2)
pins/1/bone_name = "Joint_00"
pins/1/enabled = false
pins/1/target_node = NodePath("")
pins/1/passthrough_factor = 1.0
pins/1/weight = 1.0
pins/1/direction_priorities = Vector3(0.2, 0, 0.2)
pins/2/bone_name = "Joint_01"
pins/2/enabled = false
pins/2/target_node = NodePath("")
pins/2/passthrough_factor = 1.0
pins/2/weight = 1.0
pins/2/direction_priorities = Vector3(0.2, 0, 0.2)
pins/3/bone_name = "Joint_02"
pins/3/enabled = false
pins/3/target_node = NodePath("")
pins/3/passthrough_factor = 1.0
pins/3/weight = 1.0
pins/3/direction_priorities = Vector3(0.2, 0, 0.2)
pins/4/bone_name = "Joint_03"
pins/4/enabled = false
pins/4/target_node = NodePath("")
pins/4/passthrough_factor = 1.0
pins/4/weight = 1.0
pins/4/direction_priorities = Vector3(0.2, 0, 0.2)
pins/5/bone_name = "Joint_04"
pins/5/enabled = false
pins/5/target_node = NodePath("")
pins/5/passthrough_factor = 1.0
pins/5/weight = 1.0
pins/5/direction_priorities = Vector3(0.2, 0, 0.2)
pins/6/bone_name = "Joint_05"
pins/6/enabled = true
pins/6/target_node = NodePath("../Joint_05")
pins/6/passthrough_factor = 1.0
pins/6/weight = 1.0
pins/6/direction_priorities = Vector3(0.2, 0, 0.2)
pins/7/bone_name = "Joint_05_Jaw_Right"
pins/7/enabled = false
pins/7/target_node = NodePath("")
pins/7/passthrough_factor = 1.0
pins/7/weight = 1.0
pins/7/direction_priorities = Vector3(0.2, 0, 0.2)
pins/8/bone_name = "Joint_05_Jaw_Left"
pins/8/enabled = false
pins/8/target_node = NodePath("")
pins/8/passthrough_factor = 1.0
pins/8/weight = 1.0
pins/8/direction_priorities = Vector3(0.2, 0, 0.2)

[node name="Joint_05" type="Marker3D" parent="." index="2"]
transform = Transform3D(1, -2.98023e-08, -2.78181e-08, 5.96046e-08, 1, 1.053e-07, 5.76205e-08, -7.54979e-08, 1, 0.0502351, 0.658643, 0.0626298)
