[gd_scene load_steps=2 format=3 uid="uid://bf73owhwv3ae8"]

[ext_resource type="PackedScene" uid="uid://dwx87oc3a41md" path="res://n_bone_ik/art/many_bone_ik_3d_arm.glb" id="1_5uyx7"]

[node name="many_bone_ik_3d_arm" instance=ExtResource("1_5uyx7")]

[node name="Skeleton3D" parent="Robotic_Arm_Armature" index="0"]
bones/0/position = Vector3(0, -6.57523e-05, 0)
bones/0/rotation = Quaternion(0, 1.1921e-07, 0, 1)
bones/1/rotation = Quaternion(0.0068307, 0.996184, 0.0870074, -0.000295398)
bones/2/position = Vector3(4.27145e-06, 0.08855, -2.2307e-05)
bones/2/rotation = Quaternion(0.117725, -0.00790313, -0.0244393, 0.992714)
bones/2/scale = Vector3(1, 1, 1)
bones/3/position = Vector3(-8.5793e-05, 0.257421, -1.12243e-05)
bones/3/rotation = Quaternion(0.301556, -0.000749435, 0.101648, 0.948014)
bones/3/scale = Vector3(1, 1, 1)
bones/4/position = Vector3(1.04606e-05, 0.257737, -1.57654e-05)
bones/4/rotation = Quaternion(0.233586, 0.0100582, 0.0799316, 0.968993)
bones/4/scale = Vector3(1, 1, 1)
bones/5/position = Vector3(8.34465e-07, 0.0503815, 3.92199e-05)
bones/5/rotation = Quaternion(0.0147822, 0.642712, -0.241787, 0.726802)
bones/6/position = Vector3(2.50041e-05, 0.062789, -2.13087e-06)
bones/6/rotation = Quaternion(-0.549015, -0.296413, 0.74118, -0.247739)
bones/6/scale = Vector3(1, 1, 1)
bones/7/rotation = Quaternion(-0.0214338, 0.0214338, -0.706782, 0.706782)
bones/8/rotation = Quaternion(0.0214336, -0.0214337, -0.706782, 0.706782)

[node name="ManyBoneIK3D" type="ManyBoneIK3D" parent="." index="1"]
skeleton_node_path = NodePath("../Robotic_Arm_Armature/Skeleton3D")
default_damp = 4.71239
constraint_count = 9
constraints/0/bone_name = &"Root"
constraints/0/twist_from = 3.14159
constraints/0/twist_range = 6.28318
constraints/0/twist_current = 1.0
constraints/0/kusudama_limit_cone_count = 0
constraints/0/kusudama_twist = Transform3D(1, 0, 0, 0, 1, 0, 0, 0, 1, 0, 0, 0)
constraints/0/kusudama_orientation = Transform3D(1, 0, 0, 0, 1, 0, 0, 0, 1, 0, -6.57523e-05, 0)
constraints/0/bone_direction = Transform3D(1, 0, 2.38419e-07, 0, 1, 0, -2.38419e-07, 0, 1, 0, -6.57523e-05, 0)
constraints/1/bone_name = &"Joint_00"
constraints/1/twist_from = 3.14159
constraints/1/twist_range = 6.28318
constraints/1/twist_current = 1.0
constraints/1/kusudama_limit_cone_count = 1
constraints/1/kusudama_limit_cone/0/center = Vector3(0, 1, 0)
constraints/1/kusudama_limit_cone/0/radius = 0.174533
constraints/1/kusudama_twist = Transform3D(1, 0, 2.38419e-07, 0, 1, 0, -2.38419e-07, 0, 1, 0, 0.0558072, 0)
constraints/1/kusudama_orientation = Transform3D(1, 0, 2.38419e-07, 0, 1, 0, -2.38419e-07, 0, 1, 0, 0.0558072, 0)
constraints/1/bone_direction = Transform3D(-0.999906, 0.0137125, 0.000595304, 0.0136086, 0.984823, 0.173026, 0.00178635, 0.173018, -0.984917, 0, 0.0558072, 0)
constraints/2/bone_name = &"Joint_01"
constraints/2/twist_from = 3.14159
constraints/2/twist_range = 6.28318
constraints/2/twist_current = 1.0
constraints/2/kusudama_limit_cone_count = 0
constraints/2/kusudama_twist = Transform3D(-0.99277, 0.11675, 0.0278706, 0.117022, 0.889763, 0.441167, 0.0267081, 0.441239, -0.896992, 0.0103336, 0.134589, 0.039101)
constraints/2/kusudama_orientation = Transform3D(-0.999907, 0.0136607, 0.000599866, 0.0135579, 0.984766, 0.173355, 0.00177742, 0.173347, -0.984859, 0.00120537, 0.143004, 0.0153718)
constraints/2/bone_direction = Transform3D(-0.999258, -0.033583, 0.0188402, -0.0346852, 0.997498, -0.061599, -0.0167244, -0.0622068, -0.997923, 0.00120537, 0.143004, 0.0153718)
constraints/3/bone_name = &"Joint_02"
constraints/3/twist_from = 3.14159
constraints/3/twist_range = 6.28318
constraints/3/twist_current = 1.0
constraints/3/kusudama_limit_cone_count = 0
constraints/3/kusudama_twist = Transform3D(-0.995577, 0.0935905, -0.00824134, 0.0936655, 0.981856, -0.164882, -0.00733953, -0.164924, -0.986279, 0.0345202, 0.387427, -0.00335835)
constraints/3/kusudama_orientation = Transform3D(-0.999269, -0.033251, 0.0188388, -0.0343531, 0.997512, -0.0615563, -0.0167451, -0.0621584, -0.997926, -0.00726863, 0.399789, -0.000616424)
constraints/3/bone_direction = Transform3D(-0.983824, 0.177327, -0.0254112, 0.154322, 0.766925, -0.622905, -0.0909696, -0.61675, -0.781884, -0.00726863, 0.399789, -0.000616424)
constraints/4/bone_name = &"Joint_03"
constraints/4/twist_from = 3.14159
constraints/4/twist_range = 6.28318
constraints/4/twist_current = 1.0
constraints/4/kusudama_limit_cone_count = 0
constraints/4/kusudama_twist = Transform3D(-0.996132, 0.0813055, -0.0333327, 0.0835956, 0.759912, -0.644629, -0.027082, -0.644921, -0.763769, 0.0554637, 0.583263, -0.16956)
constraints/4/kusudama_orientation = Transform3D(-0.98383, 0.177291, -0.0254114, 0.154293, 0.76693, -0.622906, -0.0909467, -0.616755, -0.781884, 0.0384158, 0.597466, -0.159565)
constraints/4/bone_direction = Transform3D(-0.943208, 0.292031, -0.158356, 0.263589, 0.367777, -0.891774, -0.202186, -0.882869, -0.423866, 0.0384158, 0.597466, -0.159565)
constraints/5/bone_name = &"Joint_04"
constraints/5/twist_from = 3.14159
constraints/5/twist_range = 6.28318
constraints/5/twist_current = 1.0
constraints/5/kusudama_limit_cone_count = 0
constraints/5/kusudama_twist = Transform3D(-0.989299, 0.125971, -0.0736089, 0.130579, 0.539403, -0.831861, -0.0650858, -0.832572, -0.55008, 0.0618054, 0.61041, -0.211513)
constraints/5/kusudama_orientation = Transform3D(-0.943217, 0.291913, -0.158521, 0.263578, 0.36728, -0.891982, -0.202159, -0.883115, -0.423367, 0.0531158, 0.615936, -0.204075)
constraints/5/bone_direction = Transform3D(-0.00152635, -0.0459869, -0.998941, 0.732899, 0.679565, -0.0324042, 0.680335, -0.732173, 0.0326665, 0.0531158, 0.615936, -0.204075)
constraints/6/bone_name = &"Joint_05"
constraints/6/twist_from = 3.14159
constraints/6/twist_range = 6.28318
constraints/6/twist_current = 1.0
constraints/6/kusudama_limit_cone_count = 0
constraints/6/kusudama_twist = Transform3D(-0.0094878, -0.184342, -0.982817, 0.622753, 0.767897, -0.150043, 0.782361, -0.613476, 0.107514, 0.0502351, 0.658643, -0.250012)
constraints/6/kusudama_orientation = Transform3D(-0.00150653, -0.0459121, -0.998945, 0.732606, 0.679884, -0.0323528, 0.680651, -0.731882, 0.0326112, 0.0502351, 0.658643, -0.250012)
constraints/6/bone_direction = Transform3D(1, 7.45058e-08, 2.42144e-08, 1.04308e-07, 1, 2.38419e-07, 1.00583e-07, -3.57628e-07, 1, 0.0502351, 0.658643, -0.250012)
constraints/7/bone_name = &"Joint_05_Jaw_Right"
constraints/7/twist_from = 3.14159
constraints/7/twist_range = 6.28318
constraints/7/twist_current = null
constraints/7/kusudama_limit_cone_count = 0
constraints/7/kusudama_twist = Transform3D(1, 0, 0, 0, 1, 0, 0, 0, 1, 0, 0, 0)
constraints/7/kusudama_orientation = Transform3D(1, 0, 0, 0, 1, 0, 0, 0, 1, 0, 0, 0)
constraints/7/bone_direction = Transform3D(1, 0, 0, 0, 1, 0, 0, 0, 1, 0, 0, 0)
constraints/8/bone_name = &"Joint_05_Jaw_Left"
constraints/8/twist_from = 3.14159
constraints/8/twist_range = 6.28318
constraints/8/twist_current = null
constraints/8/kusudama_limit_cone_count = 0
constraints/8/kusudama_twist = Transform3D(1, 0, 0, 0, 1, 0, 0, 0, 1, 0, 0, 0)
constraints/8/kusudama_orientation = Transform3D(1, 0, 0, 0, 1, 0, 0, 0, 1, 0, 0, 0)
constraints/8/bone_direction = Transform3D(1, 0, 0, 0, 1, 0, 0, 0, 1, 0, 0, 0)
pin_count = 9
pins/0/bone_name = "Root"
pins/0/enabled = true
pins/0/target_node = NodePath("../Root")
pins/0/passthrough_factor = 0.0
pins/0/weight = 1.0
pins/0/direction_priorities = Vector3(0.2, 0, 0.2)
pins/1/bone_name = "Joint_00"
pins/1/enabled = false
pins/1/target_node = NodePath("../Joint_00")
pins/1/passthrough_factor = 0.0
pins/1/weight = 1.0
pins/1/direction_priorities = Vector3(0.2, 0, 0.2)
pins/2/bone_name = "Joint_01"
pins/2/enabled = false
pins/2/target_node = NodePath("../Joint_01")
pins/2/passthrough_factor = 0.0
pins/2/weight = 1.0
pins/2/direction_priorities = Vector3(0.2, 0, 0.2)
pins/3/bone_name = "Joint_02"
pins/3/enabled = false
pins/3/target_node = NodePath("../Joint_02")
pins/3/passthrough_factor = 0.0
pins/3/weight = 1.0
pins/3/direction_priorities = Vector3(0.2, 0, 0.2)
pins/4/bone_name = "Joint_03"
pins/4/enabled = false
pins/4/target_node = NodePath("../Joint_03")
pins/4/passthrough_factor = 0.0
pins/4/weight = 1.0
pins/4/direction_priorities = Vector3(0.2, 0, 0.2)
pins/5/bone_name = "Joint_04"
pins/5/enabled = false
pins/5/target_node = NodePath("../Joint_04")
pins/5/passthrough_factor = 0.0
pins/5/weight = 1.0
pins/5/direction_priorities = Vector3(0.2, 0, 0.2)
pins/6/bone_name = "Joint_05"
pins/6/enabled = true
pins/6/target_node = NodePath("../Joint_05")
pins/6/passthrough_factor = 0.0
pins/6/weight = 1.0
pins/6/direction_priorities = Vector3(0.2, 0, 0.2)
pins/7/bone_name = "Joint_05_Jaw_Right"
pins/7/enabled = false
pins/7/target_node = NodePath("../Joint_05_Jaw_Right")
pins/7/passthrough_factor = 0.0
pins/7/weight = 1.0
pins/7/direction_priorities = Vector3(0.2, 0, 0.2)
pins/8/bone_name = "Joint_05_Jaw_Left"
pins/8/enabled = false
pins/8/target_node = NodePath("../Joint_05_Jaw_Left")
pins/8/passthrough_factor = 0.0
pins/8/weight = 1.0
pins/8/direction_priorities = Vector3(0.2, 0, 0.2)

[node name="Root" type="Marker3D" parent="." index="2"]
transform = Transform3D(1, 0, 2.38419e-07, 0, 1, 0, -2.38419e-07, 0, 1, 0, -6.57523e-05, 0)

[node name="Joint_00" type="Marker3D" parent="." index="3"]
transform = Transform3D(1, 0, 0, 0, 1, 0, 0, 0, 1, 0, 0.0558072, 0)

[node name="Joint_01" type="Marker3D" parent="." index="4"]
transform = Transform3D(1, 0, 0, 0, 1, 0, 0, 0, 1, 0, 0.144347, 0)

[node name="Joint_02" type="Marker3D" parent="." index="5"]
transform = Transform3D(1, 0, 0, 0, 1, 0, 0, 0, 1, 0, 0.401344, 0)

[node name="Joint_03" type="Marker3D" parent="." index="6"]
transform = Transform3D(5.96046e-08, 1, -2.98023e-08, 1.49012e-07, 5.96046e-08, 1, 1, -2.98023e-08, -1.19209e-07, 0, 0.658643, 0)

[node name="Joint_04" type="Marker3D" parent="." index="7"]
transform = Transform3D(-1, 5.96046e-08, -2.98023e-08, -5.96046e-08, 1.053e-07, 1, 2.98023e-08, 1, -7.54979e-08, 0.0502351, 0.658643, -1.49712e-09)

[node name="Joint_05" type="Marker3D" parent="." index="8"]
transform = Transform3D(1, -2.98023e-08, -2.78181e-08, 5.96046e-08, 1, 1.053e-07, 5.76205e-08, -7.54979e-08, 1, 0.0502351, 0.658643, -0.250012)

[node name="Joint_05_Jaw_Right" type="Marker3D" parent="." index="9"]
transform = Transform3D(-2.08616e-07, 0.998162, 0.060596, -1, -1.85304e-07, 1.70186e-07, 1.46278e-07, -0.060596, 0.998162, 0.0618595, 0.710994, 0.0788259)

[node name="Joint_05_Jaw_Left" type="Marker3D" parent="." index="10"]
transform = Transform3D(-8.9407e-08, 0.998162, -0.0605956, -1, -5.33334e-08, 1.83451e-07, 1.46278e-07, 0.0605956, 0.998162, 0.0618595, 0.710994, 0.0460793)
