[gd_scene load_steps=2 format=3 uid="uid://bf73owhwv3ae8"]

[ext_resource type="PackedScene" uid="uid://dwx87oc3a41md" path="res://n_bone_ik/art/many_bone_ik_3d_arm.glb" id="1_5uyx7"]

[node name="many_bone_ik_3d_arm" instance=ExtResource("1_5uyx7")]

[node name="Skeleton3D" parent="Robotic_Arm_Armature" index="0"]
bones/0/position = Vector3(0.0502351, -0.00642437, -0.00430211)
bones/0/rotation = Quaternion(0.000667226, -2.13178e-08, 0.000255989, 1)
bones/1/position = Vector3(-2.86289e-05, 0.0559236, 7.46334e-05)
bones/1/rotation = Quaternion(0.460623, 0.760467, -0.144821, 0.434216)
bones/1/scale = Vector3(1, 1, 1)
bones/2/position = Vector3(5.42104e-05, 0.0884125, -4.56497e-05)
bones/2/rotation = Quaternion(-0.423188, 0.438357, -0.53159, 0.588359)
bones/2/scale = Vector3(1, 1, 1)
bones/3/position = Vector3(5.90235e-05, 0.25774, -1.89804e-06)
bones/3/rotation = Quaternion(-0.359246, 0.90749, 0.195403, 0.0960259)
bones/3/scale = Vector3(1, 1, 1)
bones/4/position = Vector3(6.98119e-06, 0.257898, 0.000113726)
bones/4/rotation = Quaternion(-0.0432253, -0.017368, 0.209735, 0.976648)
bones/4/scale = Vector3(1, 1, 1)
bones/5/position = Vector3(-2.54661e-05, 0.0504853, -7.58469e-06)
bones/5/rotation = Quaternion(0.0163151, 0.957466, 0.058387, -0.282107)
bones/5/scale = Vector3(1, 1, 1)
bones/6/position = Vector3(-2.82377e-06, 0.0628296, 2.96533e-06)
bones/6/rotation = Quaternion(-0.0331804, 0.984508, -0.0260506, 0.170187)
bones/6/scale = Vector3(1, 1, 1)
bones/7/rotation = Quaternion(-0.0214338, 0.0214338, -0.706782, 0.706782)
bones/8/rotation = Quaternion(0.0214336, -0.0214337, -0.706782, 0.706782)

[node name="ManyBoneIK3D" type="ManyBoneIK3D" parent="." index="1"]
skeleton_node_path = NodePath("../Robotic_Arm_Armature/Skeleton3D")
bone_count = 9
bone/0/bone_name = null
bone/0/damp = 3.14159
bone/1/bone_name = null
bone/1/damp = 3.14159
bone/2/bone_name = null
bone/2/damp = 3.14159
bone/3/bone_name = null
bone/3/damp = 3.14159
bone/4/bone_name = null
bone/4/damp = 3.14159
bone/5/bone_name = null
bone/5/damp = 3.14159
bone/6/bone_name = null
bone/6/damp = 3.14159
bone/7/bone_name = null
bone/7/damp = 3.14159
bone/8/bone_name = null
bone/8/damp = 3.14159
constraint_count = 9
constraints/0/bone_name = &"Root"
constraints/0/twist_from = 3.14159
constraints/0/twist_range = 6.28318
constraints/0/twist_current = 0.500001
constraints/0/kusudama_limit_cone_count = 0
constraints/0/kusudama_twist = Transform3D(1, 0, 0, 0, 1, 0, 0, 0, 1, 0, 0, 0)
constraints/0/kusudama_orientation = Transform3D(1, 0, 0, 0, 1, 0, 0, 0, 1, 0.0502351, -0.00642437, -0.00430211)
constraints/0/bone_direction = Transform3D(1, -5.9538e-08, -4.27011e-08, 5.94981e-08, 1, 1.05007e-07, 4.27011e-08, -1.05472e-07, 1, 0.0502351, -0.00642437, -0.00430211)
constraints/1/bone_name = &"Joint_00"
constraints/1/twist_from = 3.14159
constraints/1/twist_range = 6.28318
constraints/1/twist_current = 0.83485
constraints/1/kusudama_limit_cone_count = 0
constraints/1/kusudama_twist = Transform3D(1, -0.000512005, 2.99005e-07, 0.000512005, 0.999999, -0.00133446, 3.84243e-07, 0.00133446, 0.999999, 0.0501778, 0.049499, -0.00415285)
constraints/1/kusudama_orientation = Transform3D(1, -0.000511979, 2.9897e-07, 0.000511979, 0.999999, -0.00133445, 3.84241e-07, 0.00133445, 0.999999, 0.0501778, 0.049499, -0.00415285)
constraints/1/bone_direction = Transform3D(-0.198354, 0.826466, 0.526886, 0.576094, 0.533215, -0.619514, -0.792951, 0.180653, -0.581888, 0.0501778, 0.049499, -0.00415285)
constraints/2/bone_name = &"Joint_01"
constraints/2/twist_from = 3.14159
constraints/2/twist_range = 6.28318
constraints/2/twist_current = 0.703823
constraints/2/kusudama_limit_cone_count = 0
constraints/2/kusudama_twist = Transform3D(-0.198861, 0.826068, 0.527319, 0.575766, 0.533893, -0.619235, -0.793063, 0.18047, -0.581792, 0.123177, 0.096761, 0.0117866)
constraints/2/kusudama_orientation = Transform3D(-0.198861, 0.826071, 0.527315, 0.575767, 0.533889, -0.619237, -0.793061, 0.180469, -0.581794, 0.123178, 0.096761, 0.0117864)
constraints/2/bone_direction = Transform3D(-0.868125, -0.495445, -0.0298886, -0.461979, 0.784532, 0.413624, -0.181479, 0.372885, -0.909957, 0.123178, 0.096761, 0.0117864)
constraints/3/bone_name = &"Joint_02"
constraints/3/twist_from = 3.14159
constraints/3/twist_range = 6.28318
constraints/3/twist_current = 0.966471
constraints/3/kusudama_limit_cone_count = 0
constraints/3/kusudama_twist = Transform3D(-0.868013, -0.49564, -0.029894, -0.462158, 0.784429, 0.41362, -0.181557, 0.372843, -0.909959, -0.00462015, 0.298911, 0.107874)
constraints/3/kusudama_orientation = Transform3D(-0.868012, -0.495643, -0.0298918, -0.462158, 0.784424, 0.413629, -0.181565, 0.37285, -0.909955, -0.00462031, 0.298911, 0.107876)
constraints/3/bone_direction = Transform3D(0.941941, 0.260209, -0.212222, -0.277817, 0.958921, -0.0573343, 0.188585, 0.112964, 0.975538, -0.00462031, 0.298911, 0.107876)
constraints/4/bone_name = &"Joint_03"
constraints/4/twist_from = 3.14159
constraints/4/twist_range = 6.28318
constraints/4/twist_current = 0.494343
constraints/4/kusudama_limit_cone_count = 0
constraints/4/kusudama_twist = Transform3D(0.941935, 0.260138, -0.212337, -0.277842, 0.958889, -0.0577617, 0.188581, 0.113403, 0.975488, 0.0624508, 0.546197, 0.137232)
constraints/4/kusudama_orientation = Transform3D(0.941934, 0.26014, -0.212336, -0.277842, 0.958889, -0.0577575, 0.188582, 0.1134, 0.975488, 0.0624517, 0.546197, 0.137234)
constraints/4/bone_direction = Transform3D(0.962171, -0.12827, -0.24036, 0.139633, 0.989725, 0.0307805, 0.233942, -0.0631779, 0.970196, 0.0624517, 0.546197, 0.137234)
constraints/5/bone_name = &"Joint_04"
constraints/5/twist_from = 3.14159
constraints/5/twist_range = 6.28318
constraints/5/twist_current = 0.0912058
constraints/5/kusudama_limit_cone_count = 3
constraints/5/kusudama_limit_cone/0/center = Vector3(0, 1, 0)
constraints/5/kusudama_limit_cone/0/radius = 0.174533
constraints/5/kusudama_limit_cone/1/center = Vector3(0, 1, 0)
constraints/5/kusudama_limit_cone/1/radius = 0.174533
constraints/5/kusudama_limit_cone/2/center = Vector3(0, 1, 0)
constraints/5/kusudama_limit_cone/2/radius = 0.174533
constraints/5/kusudama_twist = Transform3D(0.962107, -0.128709, -0.240385, 0.14012, 0.989651, 0.0309223, 0.233917, -0.0634336, 0.970185, 0.0559303, 0.596156, 0.134016)
constraints/5/kusudama_orientation = Transform3D(0.962107, -0.128715, -0.24038, 0.140129, 0.98965, 0.0309319, 0.23391, -0.0634435, 0.970186, 0.0559308, 0.596156, 0.134017)
constraints/5/bone_direction = Transform3D(-0.938549, -0.090706, -0.333013, -0.10271, 0.994537, 0.0185799, 0.329508, 0.0516426, -0.942739, 0.0559308, 0.596156, 0.134017)
constraints/6/bone_name = &"Joint_05"
constraints/6/twist_from = 3.15346
constraints/6/twist_range = 6.28318
constraints/6/twist_current = 0.944222
constraints/6/kusudama_limit_cone_count = 0
constraints/6/kusudama_twist = Transform3D(-0.938552, -0.0906723, -0.333015, -0.102661, 0.994543, 0.0185439, 0.329516, 0.0515918, -0.942739, 0.0502351, 0.658643, 0.137254)
constraints/6/kusudama_orientation = Transform3D(-0.938553, -0.0906797, -0.333008, -0.102664, 0.994543, 0.0185291, 0.329511, 0.0515792, -0.942741, 0.0502351, 0.658644, 0.137254)
constraints/6/bone_direction = Transform3D(0.999999, -1.91641e-07, -1.59373e-07, 1.94472e-07, 0.999999, 5.1409e-07, -2.63681e-08, 7.45058e-07, 1, 0.0502351, 0.658644, 0.137254)
constraints/7/bone_name = &"Joint_05_Jaw_Right"
constraints/7/twist_from = 3.14159
constraints/7/twist_range = 6.28318
constraints/7/twist_current = null
constraints/7/kusudama_limit_cone_count = 0
constraints/7/kusudama_twist = Transform3D(1, 0, 0, 0, 1, 0, 0, 0, 1, 0, 0, 0)
constraints/7/kusudama_orientation = Transform3D(1, 0, 0, 0, 1, 0, 0, 0, 1, 0, 0, 0)
constraints/7/bone_direction = Transform3D(1, 0, 0, 0, 1, 0, 0, 0, 1, 0, 0, 0)
constraints/8/bone_name = &"Joint_05_Jaw_Left"
constraints/8/twist_from = 3.14159
constraints/8/twist_range = 6.28318
constraints/8/twist_current = null
constraints/8/kusudama_limit_cone_count = 0
constraints/8/kusudama_twist = Transform3D(1, 0, 0, 0, 1, 0, 0, 0, 1, 0, 0, 0)
constraints/8/kusudama_orientation = Transform3D(1, 0, 0, 0, 1, 0, 0, 0, 1, 0, 0, 0)
constraints/8/bone_direction = Transform3D(1, 0, 0, 0, 1, 0, 0, 0, 1, 0, 0, 0)
pin_count = 9
pins/0/bone_name = "Root"
pins/0/enabled = true
pins/0/target_node = NodePath("../Root")
pins/0/passthrough_factor = 0.0
pins/0/weight = 1.0
pins/0/direction_priorities = Vector3(0.2, 0, 0.2)
pins/1/bone_name = "Joint_00"
pins/1/enabled = false
pins/1/target_node = NodePath("")
pins/1/passthrough_factor = 1.0
pins/1/weight = 1.0
pins/1/direction_priorities = Vector3(0.2, 0, 0.2)
pins/2/bone_name = "Joint_01"
pins/2/enabled = false
pins/2/target_node = NodePath("")
pins/2/passthrough_factor = 1.0
pins/2/weight = 1.0
pins/2/direction_priorities = Vector3(0.2, 0, 0.2)
pins/3/bone_name = "Joint_02"
pins/3/enabled = false
pins/3/target_node = NodePath("")
pins/3/passthrough_factor = 1.0
pins/3/weight = 1.0
pins/3/direction_priorities = Vector3(0.2, 0, 0.2)
pins/4/bone_name = "Joint_03"
pins/4/enabled = false
pins/4/target_node = NodePath("")
pins/4/passthrough_factor = 1.0
pins/4/weight = 1.0
pins/4/direction_priorities = Vector3(0.2, 0, 0.2)
pins/5/bone_name = "Joint_04"
pins/5/enabled = false
pins/5/target_node = NodePath("")
pins/5/passthrough_factor = 1.0
pins/5/weight = 1.0
pins/5/direction_priorities = Vector3(0.2, 0, 0.2)
pins/6/bone_name = "Joint_05"
pins/6/enabled = true
pins/6/target_node = NodePath("../Joint_05")
pins/6/passthrough_factor = 1.0
pins/6/weight = 1.0
pins/6/direction_priorities = Vector3(0.2, 0, 0.2)
pins/7/bone_name = "Joint_05_Jaw_Right"
pins/7/enabled = false
pins/7/target_node = NodePath("")
pins/7/passthrough_factor = 1.0
pins/7/weight = 1.0
pins/7/direction_priorities = Vector3(0.2, 0, 0.2)
pins/8/bone_name = "Joint_05_Jaw_Left"
pins/8/enabled = false
pins/8/target_node = NodePath("")
pins/8/passthrough_factor = 1.0
pins/8/weight = 1.0
pins/8/direction_priorities = Vector3(0.2, 0, 0.2)

[node name="Joint_05" type="Marker3D" parent="." index="2"]
transform = Transform3D(1, -2.98023e-08, -2.78181e-08, 5.96046e-08, 1, 1.053e-07, 5.76205e-08, -7.54979e-08, 1, 0.0502351, 0.658643, 0.137254)

[node name="Root" type="Marker3D" parent="." index="3"]
transform = Transform3D(1, -2.98023e-08, -2.78181e-08, 5.96046e-08, 1, 1.053e-07, 5.76205e-08, -7.54979e-08, 1, 0.0502351, -0.00642437, -0.00430211)
