[gd_scene load_steps=2 format=3 uid="uid://bf73owhwv3ae8"]

[ext_resource type="PackedScene" uid="uid://dwx87oc3a41md" path="res://n_bone_ik/art/many_bone_ik_3d_arm.glb" id="1_5uyx7"]

[node name="many_bone_ik_3d_arm" instance=ExtResource("1_5uyx7")]

[node name="Skeleton3D" parent="Robotic_Arm_Armature" index="0"]
bones/0/position = Vector3(0, -6.57523e-05, 0)
bones/0/rotation = Quaternion(0, 1.1921e-07, 0, 1)
bones/1/rotation = Quaternion(0.0172466, 0.999828, -0.00680783, -7.98318e-05)
bones/2/position = Vector3(2.54868e-05, 0.0883543, 2.45423e-05)
bones/2/rotation = Quaternion(0.0122973, -0.000244257, -0.0723074, 0.997307)
bones/2/scale = Vector3(1, 1, 1)
bones/3/position = Vector3(-1.54972e-05, 0.257438, 2.55834e-06)
bones/3/rotation = Quaternion(-0.224854, -0.447141, -0.21251, 0.839253)
bones/3/scale = Vector3(1, 1, 1)
bones/4/position = Vector3(-1.9446e-06, 0.257689, 4.41074e-06)
bones/4/rotation = Quaternion(-0.080097, -0.402159, 0.0223087, 0.911787)
bones/4/scale = Vector3(1, 1, 1)
bones/5/position = Vector3(-2.90573e-06, 0.0502961, -1.51992e-06)
bones/5/rotation = Quaternion(-0.0152884, -0.051205, 0.0753771, 0.995722)
bones/5/scale = Vector3(1, 1, 1)
bones/6/position = Vector3(5.1856e-06, 0.0627023, 6.79493e-06)
bones/6/rotation = Quaternion(-0.0440265, -0.580833, -0.108383, 0.805573)
bones/6/scale = Vector3(1, 1, 1)
bones/7/rotation = Quaternion(-0.0214338, 0.0214338, -0.706782, 0.706782)
bones/8/rotation = Quaternion(0.0214336, -0.0214337, -0.706782, 0.706782)

[node name="ManyBoneIK3D" type="ManyBoneIK3D" parent="." index="1"]
skeleton_node_path = NodePath("../Robotic_Arm_Armature/Skeleton3D")
default_damp = 4.71239
constraint_count = 9
constraints/0/bone_name = &"Root"
constraints/0/twist_from = 2.25706
constraints/0/twist_range = 6.28318
constraints/0/twist_current = 1.0
constraints/0/kusudama_limit_cone_count = 0
constraints/0/bone_direction = Transform3D(1, 0, 0, 0, 1, 0, 0, 0, 1, 0, 0, 0)
constraints/0/kusudama_orientation = Transform3D(1, 0, 0, 0, 1, 0, 0, 0, 1, 0, -6.57523e-05, 0)
constraints/0/kusudama_twist = Transform3D(1, 0, 0, 0, 1, 0, 0, 0, 1, 0, 0, 0)
constraints/1/bone_name = &"Joint_00"
constraints/1/twist_from = 3.14159
constraints/1/twist_range = 6.28318
constraints/1/twist_current = 1.0
constraints/1/kusudama_limit_cone_count = 1
constraints/1/kusudama_limit_cone/0/center = Vector3(0, 1, 0)
constraints/1/kusudama_limit_cone/0/radius = 0.174533
constraints/1/bone_direction = Transform3D(1, 0, 2.38419e-07, 0, 1, 0, -2.38419e-07, 0, 1, 0, 0.0558072, 0)
constraints/1/kusudama_orientation = Transform3D(1, 0, 2.38419e-07, 0, 1, 0, -2.38419e-07, 0, 1, 0, 0.0558072, 0)
constraints/1/kusudama_twist = Transform3D(1, 0, 2.38419e-07, 0, 1, 0, -2.38419e-07, 0, 1, 0, 0.0558072, 0)
constraints/2/bone_name = &"Joint_01"
constraints/2/twist_from = 3.14159
constraints/2/twist_range = 6.28318
constraints/2/twist_current = 1.0
constraints/2/kusudama_limit_cone_count = 2
constraints/2/kusudama_limit_cone/0/center = Vector3(0, 1, 0)
constraints/2/kusudama_limit_cone/0/radius = 0.174533
constraints/2/kusudama_limit_cone/1/center = Vector3(0, 1, 0)
constraints/2/kusudama_limit_cone/1/radius = 0.174533
constraints/2/bone_direction = Transform3D(-0.999404, 0.0345032, -0.000389588, 0.0345053, 0.999312, -0.0136085, -8.0217e-05, -0.0136139, -0.999907, 0.00302315, 0.144112, -0.00122746)
constraints/2/kusudama_orientation = Transform3D(-0.999405, 0.0344862, -0.000394699, 0.0344884, 0.999312, -0.0136106, -7.49495e-05, -0.0136161, -0.999907, 0.00302153, 0.144101, -0.00122758)
constraints/2/kusudama_twist = Transform3D(-0.999404, 0.0345032, -0.000389588, 0.0345053, 0.999312, -0.0136085, -8.0217e-05, -0.0136139, -0.999907, 0.00302315, 0.144112, -0.00122746)
constraints/3/bone_name = &"Joint_02"
constraints/3/twist_from = 3.14159
constraints/3/twist_range = 6.28318
constraints/3/twist_current = 1.0
constraints/3/kusudama_limit_cone_count = 0
constraints/3/bone_direction = Transform3D(-0.993932, -0.109988, 0.00102712, -0.109947, 0.993205, -0.0381469, 0.00317557, -0.0380283, -0.999272, -0.0252772, 0.399808, -0.0110202)
constraints/3/kusudama_orientation = Transform3D(-0.993928, -0.110028, 0.00102497, -0.109987, 0.9932, -0.0381608, 0.00318076, -0.0380419, -0.999271, -0.0252885, 0.399791, -0.0110236)
constraints/3/kusudama_twist = Transform3D(-0.993932, -0.109988, 0.00102712, -0.109947, 0.993205, -0.0381469, 0.00317557, -0.0380283, -0.999272, -0.0252772, 0.399808, -0.0110202)
constraints/4/bone_name = &"Joint_03"
constraints/4/twist_from = 3.14159
constraints/4/twist_range = 6.28318
constraints/4/twist_current = 1.0
constraints/4/kusudama_limit_cone_count = 0
constraints/4/bone_direction = Transform3D(-0.488707, -0.643585, 0.589036, -0.242954, 0.748839, 0.616615, -0.837938, 0.158235, -0.522324, -0.191115, 0.592776, 0.0297539)
constraints/4/kusudama_orientation = Transform3D(-0.488724, -0.643552, 0.589058, -0.242919, 0.748864, 0.616598, -0.837937, 0.158253, -0.522319, -0.191121, 0.592768, 0.0297558)
constraints/4/kusudama_twist = Transform3D(-0.488707, -0.643585, 0.589036, -0.242954, 0.748839, 0.616615, -0.837938, 0.158235, -0.522324, -0.191115, 0.592776, 0.0297539)
constraints/5/bone_name = &"Joint_04"
constraints/5/twist_from = 3.14159
constraints/5/twist_range = 6.28318
constraints/5/twist_current = 1.0
constraints/5/kusudama_limit_cone_count = 0
constraints/5/bone_direction = Transform3D(0.03208, -0.742908, 0.668624, 0.364582, 0.631572, 0.684249, -0.930619, 0.221817, 0.291112, -0.228479, 0.624538, 0.0409133)
constraints/5/kusudama_orientation = Transform3D(0.0320967, -0.742866, 0.66867, 0.364597, 0.631616, 0.6842, -0.930612, 0.221834, 0.291119, -0.228486, 0.624534, 0.0409155)
constraints/5/kusudama_twist = Transform3D(0.03208, -0.742908, 0.668624, 0.364582, 0.631572, 0.684249, -0.930619, 0.221817, 0.291112, -0.228479, 0.624538, 0.0409133)
constraints/6/bone_name = &"Joint_05"
constraints/6/twist_from = 2.96933
constraints/6/twist_range = 6.28318
constraints/6/twist_current = 1.0
constraints/6/kusudama_limit_cone_count = 0
constraints/6/bone_direction = Transform3D(-0.014536, -0.764451, 0.644518, 0.522546, 0.543751, 0.656718, -0.852487, 0.346337, 0.391557, -0.276409, 0.658643, 0.0626298)
constraints/6/kusudama_orientation = Transform3D(-0.0144661, -0.764365, 0.644621, 0.522534, 0.543873, 0.656628, -0.852495, 0.346336, 0.391539, -0.276409, 0.658643, 0.0626298)
constraints/6/kusudama_twist = Transform3D(-0.014536, -0.764451, 0.644518, 0.522546, 0.543751, 0.656718, -0.852487, 0.346337, 0.391557, -0.276409, 0.658643, 0.0626298)
constraints/7/bone_name = &"Joint_05_Jaw_Right"
constraints/7/twist_from = 3.14159
constraints/7/twist_range = 6.28318
constraints/7/twist_current = null
constraints/7/kusudama_limit_cone_count = 0
constraints/7/bone_direction = Transform3D(1, 0, 0, 0, 1, 0, 0, 0, 1, 0, 0, 0)
constraints/7/kusudama_orientation = Transform3D(1, 0, 0, 0, 1, 0, 0, 0, 1, 0, 0, 0)
constraints/7/kusudama_twist = Transform3D(1, 0, 0, 0, 1, 0, 0, 0, 1, 0, 0, 0)
constraints/8/bone_name = &"Joint_05_Jaw_Left"
constraints/8/twist_from = 3.14159
constraints/8/twist_range = 6.28318
constraints/8/twist_current = null
constraints/8/kusudama_limit_cone_count = 0
constraints/8/bone_direction = Transform3D(1, 0, 0, 0, 1, 0, 0, 0, 1, 0, 0, 0)
constraints/8/kusudama_orientation = Transform3D(1, 0, 0, 0, 1, 0, 0, 0, 1, 0, 0, 0)
constraints/8/kusudama_twist = Transform3D(1, 0, 0, 0, 1, 0, 0, 0, 1, 0, 0, 0)
pin_count = 9
pins/0/bone_name = "Root"
pins/0/enabled = true
pins/0/target_node = NodePath("../Root")
pins/0/passthrough_factor = 0.0
pins/0/weight = 1.0
pins/0/direction_priorities = Vector3(0.2, 0, 0.2)
pins/1/bone_name = "Joint_00"
pins/1/enabled = false
pins/1/target_node = NodePath("../Joint_00")
pins/1/passthrough_factor = 0.0
pins/1/weight = 1.0
pins/1/direction_priorities = Vector3(0.2, 0, 0.2)
pins/2/bone_name = "Joint_01"
pins/2/enabled = false
pins/2/target_node = NodePath("../Joint_01")
pins/2/passthrough_factor = 0.0
pins/2/weight = 1.0
pins/2/direction_priorities = Vector3(0.2, 0, 0.2)
pins/3/bone_name = "Joint_02"
pins/3/enabled = false
pins/3/target_node = NodePath("../Joint_02")
pins/3/passthrough_factor = 0.0
pins/3/weight = 1.0
pins/3/direction_priorities = Vector3(0.2, 0, 0.2)
pins/4/bone_name = "Joint_03"
pins/4/enabled = false
pins/4/target_node = NodePath("../Joint_03")
pins/4/passthrough_factor = 0.0
pins/4/weight = 1.0
pins/4/direction_priorities = Vector3(0.2, 0, 0.2)
pins/5/bone_name = "Joint_04"
pins/5/enabled = false
pins/5/target_node = NodePath("../Joint_04")
pins/5/passthrough_factor = 0.0
pins/5/weight = 1.0
pins/5/direction_priorities = Vector3(0.2, 0, 0.2)
pins/6/bone_name = "Joint_05"
pins/6/enabled = true
pins/6/target_node = NodePath("../Joint_05")
pins/6/passthrough_factor = 0.0
pins/6/weight = 1.0
pins/6/direction_priorities = Vector3(0.2, 0, 0.2)
pins/7/bone_name = "Joint_05_Jaw_Right"
pins/7/enabled = false
pins/7/target_node = NodePath("../Joint_05_Jaw_Right")
pins/7/passthrough_factor = 0.0
pins/7/weight = 1.0
pins/7/direction_priorities = Vector3(0.2, 0, 0.2)
pins/8/bone_name = "Joint_05_Jaw_Left"
pins/8/enabled = false
pins/8/target_node = NodePath("../Joint_05_Jaw_Left")
pins/8/passthrough_factor = 0.0
pins/8/weight = 1.0
pins/8/direction_priorities = Vector3(0.2, 0, 0.2)

[node name="Root" type="Marker3D" parent="." index="2"]
transform = Transform3D(1, 0, 2.38419e-07, 0, 1, 0, -2.38419e-07, 0, 1, 0, -6.57523e-05, 0)

[node name="Joint_00" type="Marker3D" parent="." index="3"]
transform = Transform3D(1, 0, 0, 0, 1, 0, 0, 0, 1, 0, 0.0558072, 0)

[node name="Joint_01" type="Marker3D" parent="." index="4"]
transform = Transform3D(1, 0, 0, 0, 1, 0, 0, 0, 1, 0, 0.144347, 0)

[node name="Joint_02" type="Marker3D" parent="." index="5"]
transform = Transform3D(1, 0, 0, 0, 1, 0, 0, 0, 1, 0, 0.401344, 0)

[node name="Joint_03" type="Marker3D" parent="." index="6"]
transform = Transform3D(5.96046e-08, 1, -2.98023e-08, 1.49012e-07, 5.96046e-08, 1, 1, -2.98023e-08, -1.19209e-07, 0, 0.658643, 0)

[node name="Joint_04" type="Marker3D" parent="." index="7"]
transform = Transform3D(-1, 5.96046e-08, -2.98023e-08, -5.96046e-08, 1.053e-07, 1, 2.98023e-08, 1, -7.54979e-08, 0.0502351, 0.658643, -1.49712e-09)

[node name="Joint_05" type="Marker3D" parent="." index="8"]
transform = Transform3D(1, -2.98023e-08, -2.78181e-08, 5.96046e-08, 1, 1.053e-07, 5.76205e-08, -7.54979e-08, 1, -0.276409, 0.658643, 0.0626298)

[node name="Joint_05_Jaw_Right" type="Marker3D" parent="." index="9"]
transform = Transform3D(-2.08616e-07, 0.998162, 0.060596, -1, -1.85304e-07, 1.70186e-07, 1.46278e-07, -0.060596, 0.998162, 0.0618595, 0.710994, 0.0788259)

[node name="Joint_05_Jaw_Left" type="Marker3D" parent="." index="10"]
transform = Transform3D(-8.9407e-08, 0.998162, -0.0605956, -1, -5.33334e-08, 1.83451e-07, 1.46278e-07, 0.0605956, 0.998162, 0.0618595, 0.710994, 0.0460793)
