[gd_scene load_steps=2 format=3 uid="uid://bf73owhwv3ae8"]

[ext_resource type="PackedScene" uid="uid://dwx87oc3a41md" path="res://n_bone_ik/art/many_bone_ik_3d_arm.glb" id="1_5uyx7"]

[node name="many_bone_ik_3d_arm" instance=ExtResource("1_5uyx7")]

[node name="Skeleton3D" parent="Robotic_Arm_Armature" index="0"]
bones/0/position = Vector3(0, -5.96046e-08, -0.215553)
bones/0/rotation = Quaternion(0, 0, 0, 1)
bones/1/position = Vector3(0, 0.0558729, 0)
bones/1/rotation = Quaternion(0.071745, -8.64061e-05, -0.00193755, 0.997421)
bones/2/position = Vector3(-1.45519e-11, 0.0888312, -0.000121683)
bones/2/rotation = Quaternion(-0.339884, -0.0406306, -0.0213066, 0.939348)
bones/2/scale = Vector3(1, 1, 1)
bones/3/position = Vector3(1.51806e-06, 0.259157, 9.83328e-05)
bones/3/rotation = Quaternion(0.378367, -0.013768, -0.0498981, 0.924207)
bones/3/scale = Vector3(1, 1, 1)
bones/4/position = Vector3(-1.61603e-05, 0.257652, 0.000270098)
bones/4/rotation = Quaternion(0.120379, -0.763664, -0.223644, 0.593556)
bones/4/scale = Vector3(1, 1, 1)
bones/5/position = Vector3(-0.000105381, 0.050495, -0.000130534)
bones/5/rotation = Quaternion(-0.303826, -0.588743, -0.14431, 0.735015)
bones/5/scale = Vector3(1, 1, 1)
bones/6/position = Vector3(1.01775e-05, 0.0628947, -8.44598e-05)
bones/6/rotation = Quaternion(0.0942001, 0.814145, 0.566542, -0.0855821)
bones/6/scale = Vector3(1, 1, 1)
bones/7/rotation = Quaternion(-0.0214338, 0.0214338, -0.706782, 0.706782)
bones/8/rotation = Quaternion(0.0214336, -0.0214337, -0.706782, 0.706782)

[node name="ManyBoneIK3D" type="ManyBoneIK3D" parent="." index="1"]
transform = Transform3D(1, 0, 0, 0, 1, 0, 0, 0, 1, 0, 0, 0.125762)
skeleton_node_path = NodePath("../Robotic_Arm_Armature/Skeleton3D")
bone_count = 9
bone/0/bone_name = null
bone/0/damp = 0.174533
bone/1/bone_name = null
bone/1/damp = 0.174533
bone/2/bone_name = null
bone/2/damp = 0.174533
bone/3/bone_name = null
bone/3/damp = 0.174533
bone/4/bone_name = null
bone/4/damp = 0.174533
bone/5/bone_name = null
bone/5/damp = 0.174533
bone/6/bone_name = null
bone/6/damp = 0.174533
bone/7/bone_name = null
bone/7/damp = 0.174533
bone/8/bone_name = null
bone/8/damp = 0.174533
constraint_count = 9
constraints/0/bone_name = &""
constraints/0/twist_from = 3.14159
constraints/0/twist_range = 6.28318
constraints/0/twist_current = null
constraints/0/kusudama_limit_cone_count = 0
constraints/0/kusudama_twist = Transform3D(1, 0, 0, 0, 1, 0, 0, 0, 1, 0, 0, 0)
constraints/0/kusudama_orientation = Transform3D(1, 0, 0, 0, 1, 0, 0, 0, 1, 0, 0, 0)
constraints/0/bone_direction = Transform3D(1, 0, 0, 0, 1, 0, 0, 0, 1, 0, 0, 0)
constraints/1/bone_name = &"Joint_00"
constraints/1/twist_from = 3.14159
constraints/1/twist_range = 6.28318
constraints/1/twist_current = 0.500001
constraints/1/kusudama_limit_cone_count = 0
constraints/1/kusudama_twist = Transform3D(1, 0, 0, 0, 1, 0, 0, 0, 1, 0, 0.0558729, -0.215553)
constraints/1/kusudama_orientation = Transform3D(1, 0, 0, 0, 1, 0, 0, 0, 1, 0, 0.0558729, -0.215553)
constraints/1/bone_direction = Transform3D(0.999992, 0.00385176, -0.000455896, -0.00387721, 0.989492, -0.144535, -0.00010561, 0.144536, 0.9895, 0, 0.0558729, -0.215553)
constraints/2/bone_name = &"Joint_01"
constraints/2/twist_from = 3.14159
constraints/2/twist_range = 6.28318
constraints/2/twist_current = 0.486242
constraints/2/kusudama_limit_cone_count = 0
constraints/2/kusudama_twist = Transform3D(0.999971, 0.00665548, -0.0038115, -0.00694528, 0.996618, -0.0818854, 0.00325362, 0.0819095, 0.996635, 0.000591809, 0.144427, -0.208402)
constraints/2/kusudama_orientation = Transform3D(0.999992, 0.00385271, -0.000450386, -0.0038775, 0.989698, -0.14312, -0.000105652, 0.14312, 0.989705, 0.000342295, 0.143806, -0.202959)
constraints/2/bone_direction = Transform3D(0.995695, 0.0709076, -0.0597018, -0.0291344, 0.850831, 0.524631, 0.0879965, -0.520633, 0.849234, 0.000342295, 0.143806, -0.202959)
constraints/3/bone_name = &"Joint_02"
constraints/3/twist_from = 3.14159
constraints/3/twist_range = 6.28318
constraints/3/twist_current = 0.495274
constraints/3/kusudama_limit_cone_count = 0
constraints/3/kusudama_twist = Transform3D(0.996259, 0.070038, -0.0506324, -0.0414082, 0.90108, 0.431672, 0.0758573, -0.42796, 0.900609, 0.0187373, 0.377954, -0.319214)
constraints/3/kusudama_orientation = Transform3D(0.995694, 0.0708935, -0.0597266, -0.0291401, 0.851014, 0.524334, 0.088, -0.520336, 0.849416, 0.0187105, 0.364404, -0.337725)
constraints/3/bone_direction = Transform3D(0.983811, 0.0900792, -0.154926, -0.122858, 0.968383, -0.21712, 0.13047, 0.232639, 0.963773, 0.0187105, 0.364404, -0.337725)
constraints/4/bone_name = &"Joint_03"
constraints/4/twist_from = 3.14159
constraints/4/twist_range = 6.28318
constraints/4/twist_current = 0.21018
constraints/4/kusudama_limit_cone_count = 0
constraints/4/kusudama_twist = Transform3D(0.987615, 0.084739, -0.13205, -0.104452, 0.983102, -0.150334, 0.117079, 0.162265, 0.979777, 0.0405174, 0.631209, -0.277136)
constraints/4/kusudama_orientation = Transform3D(0.983817, 0.0898498, -0.155023, -0.122796, 0.968156, -0.218164, 0.130485, 0.23367, 0.963521, 0.0418027, 0.613795, -0.277261)
constraints/4/bone_direction = Transform3D(-0.43482, 0.0802908, -0.896931, -0.589845, 0.72722, 0.351048, 0.680453, 0.681693, -0.268851, 0.0418027, 0.613795, -0.277261)
constraints/5/bone_name = &"Joint_04"
constraints/5/twist_from = 3.14159
constraints/5/twist_range = 6.28318
constraints/5/twist_current = 0.285055
constraints/5/kusudama_limit_cone_count = 0
constraints/5/kusudama_twist = Transform3D(-0.414035, 0.0912869, -0.905672, -0.596194, 0.724649, 0.345596, 0.687842, 0.683045, -0.245605, 0.0452856, 0.667813, -0.242688)
constraints/5/kusudama_orientation = Transform3D(-0.434653, 0.0834634, -0.896723, -0.588359, 0.727527, 0.3529, 0.681845, 0.680984, -0.267115, 0.04618, 0.650547, -0.242912)
constraints/5/bone_direction = Transform3D(-0.957789, 0.0654822, 0.279917, 0.286344, 0.131045, 0.949124, 0.025469, 0.989213, -0.144264, 0.04618, 0.650547, -0.242912)
constraints/6/bone_name = &"Joint_05"
constraints/6/twist_from = 3.14159
constraints/6/twist_range = 6.28318
constraints/6/twist_current = 0.0361821
constraints/6/kusudama_limit_cone_count = 0
constraints/6/kusudama_twist = Transform3D(-0.956888, 0.0791824, 0.279456, 0.266331, -0.144722, 0.952955, 0.115901, 0.986299, 0.117395, 0.0502351, 0.658643, -0.180672)
constraints/6/kusudama_orientation = Transform3D(-0.957799, 0.065006, 0.279995, 0.286324, 0.129958, 0.949279, 0.0253214, 0.989388, -0.143086, 0.0502352, 0.658643, -0.180672)
constraints/6/bone_direction = Transform3D(1, 7.61938e-08, -1.38301e-07, 1.16881e-07, 1, -5.96046e-08, -6.70552e-08, 4.61936e-07, 1, 0.0502352, 0.658643, -0.180672)
constraints/7/bone_name = &"Joint_05_Jaw_Right"
constraints/7/twist_from = 3.14159
constraints/7/twist_range = 6.28318
constraints/7/twist_current = null
constraints/7/kusudama_limit_cone_count = 0
constraints/7/kusudama_twist = Transform3D(1, 0, 0, 0, 1, 0, 0, 0, 1, 0, 0, 0)
constraints/7/kusudama_orientation = Transform3D(1, 0, 0, 0, 1, 0, 0, 0, 1, 0, 0, 0)
constraints/7/bone_direction = Transform3D(1, 0, 0, 0, 1, 0, 0, 0, 1, 0, 0, 0)
constraints/8/bone_name = &"Joint_05_Jaw_Left"
constraints/8/twist_from = 3.14159
constraints/8/twist_range = 6.28318
constraints/8/twist_current = null
constraints/8/kusudama_limit_cone_count = 0
constraints/8/kusudama_twist = Transform3D(1, 0, 0, 0, 1, 0, 0, 0, 1, 0, 0, 0)
constraints/8/kusudama_orientation = Transform3D(1, 0, 0, 0, 1, 0, 0, 0, 1, 0, 0, 0)
constraints/8/bone_direction = Transform3D(1, 0, 0, 0, 1, 0, 0, 0, 1, 0, 0, 0)
pin_count = 9
pins/0/bone_name = "Root"
pins/0/enabled = true
pins/0/target_node = NodePath("../Node3D")
pins/0/passthrough_factor = 0.0
pins/0/weight = 1.0
pins/0/direction_priorities = Vector3(0.2, 0, 0.2)
pins/1/bone_name = "Joint_00"
pins/1/enabled = false
pins/1/target_node = NodePath("")
pins/1/passthrough_factor = 1.0
pins/1/weight = 1.0
pins/1/direction_priorities = Vector3(0.2, 0, 0.2)
pins/2/bone_name = "Joint_01"
pins/2/enabled = false
pins/2/target_node = NodePath("")
pins/2/passthrough_factor = 1.0
pins/2/weight = 1.0
pins/2/direction_priorities = Vector3(0.2, 0, 0.2)
pins/3/bone_name = "Joint_02"
pins/3/enabled = false
pins/3/target_node = NodePath("")
pins/3/passthrough_factor = 1.0
pins/3/weight = 1.0
pins/3/direction_priorities = Vector3(0.2, 0, 0.2)
pins/4/bone_name = "Joint_03"
pins/4/enabled = false
pins/4/target_node = NodePath("")
pins/4/passthrough_factor = 1.0
pins/4/weight = 1.0
pins/4/direction_priorities = Vector3(0.2, 0, 0.2)
pins/5/bone_name = "Joint_04"
pins/5/enabled = false
pins/5/target_node = NodePath("")
pins/5/passthrough_factor = 1.0
pins/5/weight = 1.0
pins/5/direction_priorities = Vector3(0.2, 0, 0.2)
pins/6/bone_name = "Joint_05"
pins/6/enabled = true
pins/6/target_node = NodePath("../Joint_05")
pins/6/passthrough_factor = 1.0
pins/6/weight = 1.0
pins/6/direction_priorities = Vector3(0.2, 0, 0.2)
pins/7/bone_name = "Joint_05_Jaw_Right"
pins/7/enabled = false
pins/7/target_node = NodePath("")
pins/7/passthrough_factor = 1.0
pins/7/weight = 1.0
pins/7/direction_priorities = Vector3(0.2, 0, 0.2)
pins/8/bone_name = "Joint_05_Jaw_Left"
pins/8/enabled = false
pins/8/target_node = NodePath("")
pins/8/passthrough_factor = 1.0
pins/8/weight = 1.0
pins/8/direction_priorities = Vector3(0.2, 0, 0.2)

[node name="Joint_05" type="Marker3D" parent="." index="2"]
transform = Transform3D(1, -2.98023e-08, -2.78181e-08, 5.96046e-08, 1, 1.053e-07, 5.76205e-08, -7.54979e-08, 1, 0.0502351, 0.658643, -0.180672)

[node name="Node3D" type="Node3D" parent="." index="3"]
transform = Transform3D(1, 0, 0, 0, 1, 0, 0, 0, 1, 0, -5.96046e-08, -0.215553)
