[gd_scene load_steps=5 format=3 uid="uid://bk8twmqnyakem"]

[ext_resource type="PackedScene" uid="uid://cd01ddduxn537" path="res://4911040726795578408/4911040726795578408.vrm" id="1_xlx1b"]

[sub_resource type="Skin" id="Skin_kmhd2"]
resource_name = "Skin"
bind_count = 175
bind/0/name = &"Root_2"
bind/0/bone = -1
bind/0/pose = Transform3D(1, 0, 0, 0, 0.999992, 0.00390083, 0, -0.00390083, 0.999992, 0, 0, 0)
bind/1/name = &"Hips"
bind/1/bone = -1
bind/1/pose = Transform3D(1, 0, 0, 0, -0.947494, 0.319773, 0, -0.319773, -0.947494, 0, 0.867455, 0.296535)
bind/2/name = &"J_Sec_L_SkirtSide0_01"
bind/2/bone = -1
bind/2/pose = Transform3D(1, 0, 0, 0, 1, 0, 0, 0, 1, -0.192141, -0.898551, -0.0117459)
bind/3/name = &"J_Sec_L_SkirtSide1_01"
bind/3/bone = -1
bind/3/pose = Transform3D(-0.87777, -0.362397, 0.31335, 0.362397, -0.93006, -0.0604744, 0.31335, 0.0604744, 0.94771, 0.490607, 0.766786, -0.125679)
bind/4/name = &"J_Sec_L_SkirtSide2_01"
bind/4/bone = -1
bind/4/pose = Transform3D(-0.890919, -0.312835, 0.329237, 0.312835, -0.948244, -0.0544691, 0.329237, 0.0544691, 0.942675, 0.45583, 0.649664, -0.124943)
bind/5/name = &"J_Sec_L_SkirtSide2_end_01"
bind/5/bone = -1
bind/5/pose = Transform3D(-0.890919, -0.312835, 0.329237, 0.312835, -0.948244, -0.0544691, 0.329237, 0.0544691, 0.942675, 0.45583, 0.51572, -0.124943)
bind/6/name = &"J_Sec_R_SkirtSide0_01"
bind/6/bone = -1
bind/6/pose = Transform3D(1, 0, 0, 0, 1, 0, 0, 0, 1, 0.192141, -0.898551, -0.0117459)
bind/7/name = &"J_Sec_R_SkirtSide1_01"
bind/7/bone = -1
bind/7/pose = Transform3D(-0.877769, 0.362395, -0.313353, -0.362395, -0.93006, -0.0604748, -0.313353, 0.0604748, 0.947709, -0.490606, 0.766786, -0.125679)
bind/8/name = &"J_Sec_R_SkirtSide2_01"
bind/8/bone = -1
bind/8/pose = Transform3D(-0.89092, 0.312834, -0.329237, -0.312834, -0.948245, -0.054469, -0.329237, 0.054469, 0.942675, -0.455829, 0.649665, -0.124942)
bind/9/name = &"J_Sec_R_SkirtSide2_end_01"
bind/9/bone = -1
bind/9/pose = Transform3D(-0.89092, 0.312834, -0.329237, -0.312834, -0.948245, -0.054469, -0.329237, 0.054469, 0.942675, -0.455829, 0.51572, -0.124942)
bind/10/name = &"Spine"
bind/10/bone = -1
bind/10/pose = Transform3D(0.976686, -0.214635, -0.00396994, 0.214635, 0.97601, 0.0365487, -0.00396994, -0.0365487, 0.999324, 0.208003, -0.94615, 0.0193259)
bind/11/name = &"Chest"
bind/11/bone = -1
bind/11/pose = Transform3D(1, 0, 0, 0, 0.99087, -0.134822, 0, 0.134822, 0.99087, 0, -1.06936, -0.164821)
bind/12/name = &"UpperChest"
bind/12/bone = -1
bind/12/pose = Transform3D(1, 0, 0, 0, 0.992817, 0.119641, 0, -0.119641, 0.992817, 0, -1.18145, 0.137844)
bind/13/name = &"J_Sec_L_Bust1"
bind/13/bone = -1
bind/13/pose = Transform3D(0.813521, -0.454711, -0.362521, 0.454711, 0.10877, 0.883972, -0.362521, -0.883972, 0.295249, 0.520456, -0.217988, 1.04283)
bind/14/name = &"J_Sec_L_Bust2"
bind/14/bone = -1
bind/14/pose = Transform3D(0.813521, -0.454711, -0.362521, 0.454711, 0.10877, 0.883972, -0.362521, -0.883972, 0.295249, 0.520456, -0.275406, 1.04283)
bind/15/name = &"J_Sec_R_Bust1"
bind/15/bone = -1
bind/15/pose = Transform3D(0.813521, 0.454711, 0.362521, -0.454711, 0.10877, 0.883972, 0.362521, -0.883972, 0.295249, -0.520456, -0.217988, 1.04283)
bind/16/name = &"J_Sec_R_Bust2"
bind/16/bone = -1
bind/16/pose = Transform3D(0.813521, 0.454711, 0.362521, -0.454711, 0.10877, 0.883972, 0.362521, -0.883972, 0.295249, -0.520456, -0.275406, 1.04283)
bind/17/name = &"Neck"
bind/17/bone = -1
bind/17/pose = Transform3D(1, 0, 0, 0, 0.992275, 0.124059, 0, -0.124059, 0.992275, 0, -1.30734, 0.197572)
bind/18/name = &"Head"
bind/18/bone = -1
bind/18/pose = Transform3D(0.999923, 0.012294, 0.00153244, -0.012294, 0.969325, 0.245476, 0.00153244, -0.245476, 0.969402, -0.0171113, -1.34607, 0.366375)
bind/19/name = &"LeftEye"
bind/19/bone = -1
bind/19/pose = Transform3D(0.999923, -0.00153244, 0.012294, -0.012294, -0.245476, 0.969325, 0.00153244, -0.969402, -0.245476, -0.016276, 0.359928, 1.40924)
bind/20/name = &"RightEye"
bind/20/bone = -1
bind/20/pose = Transform3D(0.999923, -0.00153244, 0.012294, -0.012294, -0.245476, 0.969325, 0.00153244, -0.969402, -0.245476, 0.0208014, 0.359472, 1.4093)
bind/21/name = &"J_Sec_Hair1_01"
bind/21/bone = -1
bind/21/pose = Transform3D(-0.59095, 0.138388, 0.79475, -0.138388, -0.987962, 0.0691309, 0.79475, -0.0691309, 0.602987, -0.296963, 1.50035, 0.104318)
bind/22/name = &"J_Sec_Hair2_01"
bind/22/bone = -1
bind/22/pose = Transform3D(-0.592514, -0.174887, -0.786347, 0.174887, -0.980794, 0.0863555, -0.786347, -0.0863555, 0.611719, 0.285347, 1.47174, 0.0417661)
bind/23/name = &"J_Sec_Hair3_01"
bind/23/bone = -1
bind/23/pose = Transform3D(-0.592514, -0.174887, -0.786347, 0.174887, -0.980794, 0.0863555, -0.786347, -0.0863555, 0.611719, 0.285347, 1.43822, 0.0417661)
bind/24/name = &"J_Sec_Hair1_02"
bind/24/bone = -1
bind/24/pose = Transform3D(0.998976, 0.00229571, -0.0451895, -0.00229571, -0.994854, -0.10129, -0.0451895, 0.10129, -0.99383, 0.0786867, 1.49678, -0.108962)
bind/25/name = &"J_Sec_Hair2_02"
bind/25/bone = -1
bind/25/pose = Transform3D(-0.581681, -0.343886, -0.737149, 0.343886, -0.925233, 0.160269, -0.737149, -0.160269, 0.656448, 0.491265, 1.3808, 0.147751)
bind/26/name = &"J_Sec_Hair3_02"
bind/26/bone = -1
bind/26/pose = Transform3D(-0.581681, -0.343886, -0.737149, 0.343886, -0.925233, 0.160269, -0.737149, -0.160269, 0.656448, 0.491265, 1.35159, 0.147751)
bind/27/name = &"J_Sec_Hair1_03"
bind/27/bone = -1
bind/27/pose = Transform3D(-0.963193, -0.241249, 0.118571, 0.241249, -0.970354, -0.0145707, 0.118571, 0.0145707, 0.992839, 0.403332, 1.47257, -0.101109)
bind/28/name = &"J_Sec_Hair2_03"
bind/28/bone = -1
bind/28/pose = Transform3D(-0.584857, 0.173204, 0.792428, -0.173204, -0.981071, 0.0866018, 0.792428, -0.0866018, 0.603786, -0.286606, 1.47128, 0.043302)
bind/29/name = &"J_Sec_Hair3_03"
bind/29/bone = -1
bind/29/pose = Transform3D(-0.584857, 0.173204, 0.792428, -0.173204, -0.981071, 0.0866018, 0.792428, -0.0866018, 0.603786, -0.286606, 1.44014, 0.043302)
bind/30/name = &"J_Sec_Hair1_04"
bind/30/bone = -1
bind/30/pose = Transform3D(-0.962017, -0.0134437, -0.272657, 0.0134437, -0.999908, 0.00186824, -0.272657, -0.00186824, 0.96211, 0.110408, 1.49732, -0.0123172)
bind/31/name = &"J_Sec_Hair2_04"
bind/31/bone = -1
bind/31/pose = Transform3D(-0.0120449, 0.468684, 0.883284, -0.468684, -0.782949, 0.409054, 0.883284, -0.409054, 0.229096, -0.721372, 1.17181, 0.517809)
bind/32/name = &"J_Sec_Hair3_04"
bind/32/bone = -1
bind/32/pose = Transform3D(-0.0120449, 0.468684, 0.883284, -0.468684, -0.782949, 0.409054, 0.883284, -0.409054, 0.229096, -0.721372, 1.14277, 0.517809)
bind/33/name = &"J_Sec_Hair1_05"
bind/33/bone = -1
bind/33/pose = Transform3D(-0.213253, -0.231751, -0.949112, 0.231751, -0.955732, 0.181296, -0.949112, -0.181296, 0.257522, 0.432329, 1.4569, 0.243667)
bind/34/name = &"J_Sec_Hair2_05"
bind/34/bone = -1
bind/34/pose = Transform3D(-0.629729, -0.76106, 0.155655, 0.76106, -0.644595, -0.0726888, 0.155655, 0.0726888, 0.985133, 1.12425, 0.977529, -0.197284)
bind/35/name = &"J_Sec_Hair3_05"
bind/35/bone = -1
bind/35/pose = Transform3D(-0.629729, -0.76106, 0.155655, 0.76106, -0.644595, -0.0726888, 0.155655, 0.0726888, 0.985133, 1.12425, 0.939769, -0.197284)
bind/36/name = &"J_Sec_Hair1_06"
bind/36/bone = -1
bind/36/pose = Transform3D(-0.988054, 0.073364, 0.135527, -0.073364, -0.997293, 0.00500128, 0.135527, -0.00500128, 0.990761, -0.154537, 1.39822, 0.0823289)
bind/37/name = &"J_Sec_Hair2_06"
bind/37/bone = -1
bind/37/pose = Transform3D(0.999267, -0.0125516, 0.0361585, 0.0125516, -0.785, -0.619368, 0.0361585, 0.619368, -0.784268, 0.0845677, 1.02101, -0.88831)
bind/38/name = &"J_Sec_Hair3_06"
bind/38/bone = -1
bind/38/pose = Transform3D(0.999267, -0.0125516, 0.0361585, 0.0125516, -0.785, -0.619368, 0.0361585, 0.619368, -0.784268, 0.0845677, 0.97073, -0.88831)
bind/39/name = &"J_Sec_Hair1_07"
bind/39/bone = -1
bind/39/pose = Transform3D(0.133718, 0.029307, 0.990586, -0.029307, -0.999009, 0.0335123, 0.990586, -0.0335123, -0.132727, 0.0594995, 1.41359, 0.0244887)
bind/40/name = &"J_Sec_Hair2_07"
bind/40/bone = -1
bind/40/pose = Transform3D(0.370388, 0.127363, -0.920104, -0.127363, -0.974236, -0.186127, -0.920104, 0.186127, -0.344624, -0.267774, 1.29822, -0.279408)
bind/41/name = &"J_Sec_Hair3_07"
bind/41/bone = -1
bind/41/pose = Transform3D(0.370388, 0.127363, -0.920104, -0.127363, -0.974236, -0.186127, -0.920104, 0.186127, -0.344624, -0.267774, 1.23826, -0.279408)
bind/42/name = &"J_Sec_Hair1_08"
bind/42/bone = -1
bind/42/pose = Transform3D(0.859804, 0.0576053, -0.507365, -0.0576053, -0.976331, -0.208472, -0.507365, 0.208472, -0.836134, -0.168125, 1.36188, -0.317219)
bind/43/name = &"J_Sec_Hair2_08"
bind/43/bone = -1
bind/43/pose = Transform3D(0.930078, 0.0942876, -0.355056, -0.0942876, -0.872856, -0.478781, -0.355056, 0.478781, -0.802934, -0.209961, 1.14814, -0.689015)
bind/44/name = &"J_Sec_Hair3_08"
bind/44/bone = -1
bind/44/pose = Transform3D(0.930078, 0.0942876, -0.355056, -0.0942876, -0.872856, -0.478781, -0.355056, 0.478781, -0.802934, -0.209961, 1.09658, -0.689015)
bind/45/name = &"J_Sec_Hair1_09"
bind/45/bone = -1
bind/45/pose = Transform3D(-0.963631, 0.247982, -0.0996036, -0.247982, -0.968683, -0.0125787, -0.0996036, 0.0125787, 0.994948, -0.266527, 1.46058, 0.0122196)
bind/46/name = &"J_Sec_Hair2_09"
bind/46/bone = -1
bind/46/pose = Transform3D(-0.304597, -0.155886, -0.939638, 0.155886, -0.981373, 0.112277, -0.939638, -0.112277, 0.323224, 0.232783, 1.39528, 0.256814)
bind/47/name = &"J_Sec_Hair3_09"
bind/47/bone = -1
bind/47/pose = Transform3D(-0.304597, -0.155886, -0.939638, 0.155886, -0.981373, 0.112277, -0.939638, -0.112277, 0.323224, 0.232783, 1.35514, 0.256814)
bind/48/name = &"J_Sec_Hair1_10"
bind/48/bone = -1
bind/48/pose = Transform3D(-0.882255, -0.21679, 0.417885, 0.21679, -0.975031, -0.0481302, 0.417885, 0.0481302, 0.907224, 0.236187, 1.43615, -0.0101472)
bind/49/name = &"J_Sec_Hair2_10"
bind/49/bone = -1
bind/49/pose = Transform3D(-0.598798, 0.676841, 0.428167, -0.676841, -0.713463, 0.181262, 0.428167, -0.181262, 0.885335, -1.00475, 0.95387, 0.315539)
bind/50/name = &"J_Sec_Hair3_10"
bind/50/bone = -1
bind/50/pose = Transform3D(-0.598798, 0.676841, 0.428167, -0.676841, -0.713463, 0.181262, 0.428167, -0.181262, 0.885335, -1.00475, 0.922874, 0.315539)
bind/51/name = &"J_Sec_Hair1_11"
bind/51/bone = -1
bind/51/pose = Transform3D(-0.00549626, 0.360974, 0.93256, -0.360974, -0.87041, 0.33479, 0.93256, -0.33479, 0.135086, -0.646665, 1.34474, 0.479311)
bind/52/name = &"J_Sec_Hair2_11"
bind/52/bone = -1
bind/52/pose = Transform3D(-0.345892, 0.882031, -0.319968, -0.882031, -0.42196, -0.209691, -0.319968, 0.209691, 0.923932, -1.29384, 0.671809, -0.41305)
bind/53/name = &"J_Sec_Hair3_11"
bind/53/bone = -1
bind/53/pose = Transform3D(-0.345892, 0.882031, -0.319968, -0.882031, -0.42196, -0.209691, -0.319968, 0.209691, 0.923932, -1.29384, 0.610764, -0.41305)
bind/54/name = &"J_Sec_Hair1_12"
bind/54/bone = -1
bind/54/pose = Transform3D(-0.831458, 0.224331, -0.508285, -0.224331, -0.972522, -0.0622587, -0.508285, 0.0622587, 0.858936, -0.470859, 1.51386, -0.0893143)
bind/55/name = &"J_Sec_Hair2_12"
bind/55/bone = -1
bind/55/pose = Transform3D(0.924815, 0.0313883, -0.379119, -0.0313883, -0.986896, -0.158276, -0.379119, 0.158276, -0.911711, 0.0415906, 1.42475, -0.348295)
bind/56/name = &"J_Sec_Hair3_12"
bind/56/bone = -1
bind/56/pose = Transform3D(0.960075, -0.0421717, 0.276544, 0.0421717, -0.955455, -0.29211, 0.276544, 0.29211, -0.91553, 0.207591, 1.25046, -0.44188)
bind/57/name = &"J_Sec_Hair4_12"
bind/57/bone = -1
bind/57/pose = Transform3D(0.0249596, 0.233829, 0.971957, -0.233829, -0.943924, 0.23309, 0.971957, -0.23309, 0.0311161, -0.149118, 1.14384, 0.407)
bind/58/name = &"J_Sec_Hair5_12"
bind/58/bone = -1
bind/58/pose = Transform3D(-0.395122, -0.0844117, -0.914742, 0.0844117, -0.994893, 0.0553464, -0.914742, -0.0553464, 0.400229, -0.0652707, 1.11507, -0.0340027)
bind/59/name = &"J_Sec_Hair6_12"
bind/59/bone = -1
bind/59/pose = Transform3D(-0.395122, -0.0844117, -0.914742, 0.0844117, -0.994893, 0.0553464, -0.914742, -0.0553464, 0.400229, -0.0652707, 1.02576, -0.0340027)
bind/60/name = &"J_Sec_Hair1_13"
bind/60/bone = -1
bind/60/pose = Transform3D(-0.858348, -0.27356, 0.434055, 0.27356, -0.95973, -0.0638956, 0.434055, 0.0638956, 0.898617, 0.541488, 1.49421, -0.080068)
bind/61/name = &"J_Sec_Hair2_13"
bind/61/bone = -1
bind/61/pose = Transform3D(0.908071, -0.0337173, 0.417456, 0.0337173, -0.987633, -0.153113, 0.417456, 0.153113, -0.895705, -0.0328006, 1.43207, -0.344586)
bind/62/name = &"J_Sec_Hair3_13"
bind/62/bone = -1
bind/62/pose = Transform3D(0.964176, 0.039494, -0.262306, -0.039494, -0.95646, -0.28918, -0.262306, 0.28918, -0.920636, -0.203005, 1.25633, -0.440705)
bind/63/name = &"J_Sec_Hair4_13"
bind/63/bone = -1
bind/63/pose = Transform3D(-0.0238687, -0.222176, -0.974714, 0.222176, -0.951788, 0.21151, -0.974714, -0.21151, 0.0720804, 0.142314, 1.15443, 0.387488)
bind/64/name = &"J_Sec_Hair5_13"
bind/64/bone = -1
bind/64/pose = Transform3D(-0.0937318, 0.0750344, 0.992766, -0.0750344, -0.994852, 0.0681078, 0.992766, -0.0681078, 0.0988794, 0.0395542, 1.11559, -0.0632679)
bind/65/name = &"J_Sec_Hair6_13"
bind/65/bone = -1
bind/65/pose = Transform3D(-0.0937318, 0.0750344, 0.992766, -0.0750344, -0.994852, 0.0681078, 0.992766, -0.0681078, 0.0988794, 0.0395542, 1.02568, -0.0632679)
bind/66/name = &"J_Sec_Hair1_14"
bind/66/bone = -1
bind/66/pose = Transform3D(0.966072, 0.252008, 0.0565458, -0.252008, 0.871831, 0.420004, 0.0565458, -0.420004, 0.905759, -0.380453, -1.41698, 0.67271)
bind/67/name = &"J_Sec_Hair2_14"
bind/67/bone = -1
bind/67/pose = Transform3D(0.979071, -0.203478, 0.00416851, 0.203478, 0.97824, -0.0405269, 0.00416851, 0.0405269, 0.99917, 0.367008, -1.59442, -0.0851518)
bind/68/name = &"J_Sec_Hair3_14"
bind/68/bone = -1
bind/68/pose = Transform3D(0.735791, -0.617713, 0.277565, 0.617713, 0.444196, -0.648938, 0.277565, 0.648938, 0.708405, 1.04453, -0.709825, -1.08468)
bind/69/name = &"J_Sec_Hair4_14"
bind/69/bone = -1
bind/69/pose = Transform3D(0.735791, -0.617713, 0.277565, 0.617713, 0.444196, -0.648938, 0.277565, 0.648938, 0.708405, 1.04453, -0.736985, -1.08468)
bind/70/name = &"J_Sec_Hair1_15"
bind/70/bone = -1
bind/70/pose = Transform3D(0.752741, 0.0235578, 0.657896, -0.0235578, -0.997756, 0.0626813, 0.657896, -0.0626813, -0.750496, 0.0420751, 1.50952, 0.142483)
bind/71/name = &"J_Sec_Hair2_15"
bind/71/bone = -1
bind/71/pose = Transform3D(0.828006, -0.184123, -0.529627, 0.184123, -0.802893, 0.566976, -0.529627, -0.566976, -0.630899, 0.327926, 1.13221, 0.730825)
bind/72/name = &"J_Sec_Hair3_15"
bind/72/bone = -1
bind/72/pose = Transform3D(0.828006, -0.184123, -0.529627, 0.184123, -0.802893, 0.566976, -0.529627, -0.566976, -0.630899, 0.327926, 1.00593, 0.730825)
bind/73/name = &"J_Sec_Hair1_16"
bind/73/bone = -1
bind/73/pose = Transform3D(0.66757, -0.028105, -0.744017, 0.028105, -0.997624, 0.0629022, -0.744017, -0.0629022, -0.665194, -0.0284539, 1.50879, 0.15141)
bind/74/name = &"J_Sec_Hair2_16"
bind/74/bone = -1
bind/74/pose = Transform3D(0.824884, 0.18605, 0.533809, -0.18605, -0.802333, 0.567139, 0.533809, -0.567139, -0.627217, -0.330253, 1.13147, 0.730633)
bind/75/name = &"J_Sec_Hair3_16"
bind/75/bone = -1
bind/75/pose = Transform3D(0.824884, 0.18605, 0.533809, -0.18605, -0.802333, 0.567139, 0.533809, -0.567139, -0.627217, -0.330253, 1.00529, 0.730633)
bind/76/name = &"J_Sec_Hair1_17"
bind/76/bone = -1
bind/76/pose = Transform3D(0.611647, -0.0304226, -0.790546, 0.0304226, -0.997617, 0.0619294, -0.790546, -0.0619294, -0.609263, 0.0920095, 1.50011, 0.0156324)
bind/77/name = &"J_Sec_Hair2_17"
bind/77/bone = -1
bind/77/pose = Transform3D(0.704046, -0.166598, -0.690336, 0.166598, -0.906219, 0.388602, -0.690336, -0.388602, -0.610266, 0.289566, 1.27502, 0.47818)
bind/78/name = &"J_Sec_Hair3_17"
bind/78/bone = -1
bind/78/pose = Transform3D(0.704046, -0.166598, -0.690336, 0.166598, -0.906219, 0.388602, -0.690336, -0.388602, -0.610266, 0.289566, 1.16513, 0.47818)
bind/79/name = &"J_Sec_Hair1_18"
bind/79/bone = -1
bind/79/pose = Transform3D(0.611451, 0.0304226, 0.790697, -0.0304226, -0.997618, 0.0619101, 0.790697, -0.0619101, -0.609069, -0.091992, 1.50011, 0.0155932)
bind/80/name = &"J_Sec_Hair2_18"
bind/80/bone = -1
bind/80/pose = Transform3D(0.704047, 0.166598, 0.690336, -0.166598, -0.906219, 0.388603, 0.690336, -0.388603, -0.610265, -0.289566, 1.27502, 0.478181)
bind/81/name = &"J_Sec_Hair3_18"
bind/81/bone = -1
bind/81/pose = Transform3D(0.704047, 0.166598, 0.690336, -0.166598, -0.906219, 0.388603, 0.690336, -0.388603, -0.610265, -0.289566, 1.16513, 0.478181)
bind/82/name = &"J_Sec_Hair1_19"
bind/82/bone = -1
bind/82/pose = Transform3D(0.837617, 0.0580683, 0.543162, -0.0580683, -0.979235, 0.194236, 0.543162, -0.194236, -0.816852, 5.27399e-05, 1.42849, 0.325444)
bind/83/name = &"J_Sec_Hair2_19"
bind/83/bone = -1
bind/83/pose = Transform3D(0.861527, -0.175866, -0.476279, 0.175866, -0.776642, 0.604895, -0.476279, -0.604895, -0.638169, 0.32953, 1.07399, 0.783622)
bind/84/name = &"J_Sec_Hair3_19"
bind/84/bone = -1
bind/84/pose = Transform3D(0.861527, -0.175866, -0.476279, 0.175866, -0.776642, 0.604895, -0.476279, -0.604895, -0.638169, 0.32953, 0.977383, 0.783622)
bind/85/name = &"J_Sec_Hair1_20"
bind/85/bone = -1
bind/85/pose = Transform3D(0.815779, -0.0622507, -0.575004, 0.0622507, -0.978965, 0.194301, -0.575004, -0.194301, -0.794744, 0.00820568, 1.42766, 0.328435)
bind/86/name = &"J_Sec_Hair2_20"
bind/86/bone = -1
bind/86/pose = Transform3D(0.867194, 0.172017, 0.467317, -0.172017, -0.777195, 0.605292, 0.467317, -0.605292, -0.644389, -0.324618, 1.07435, 0.785187)
bind/87/name = &"J_Sec_Hair3_20"
bind/87/bone = -1
bind/87/pose = Transform3D(0.867194, 0.172017, 0.467317, -0.172017, -0.777195, 0.605292, 0.467317, -0.605292, -0.644389, -0.324618, 0.977788, 0.785187)
bind/88/name = &"J_Sec_Hair1_21"
bind/88/bone = -1
bind/88/pose = Transform3D(0.467256, -0.0748525, 0.880948, 0.0748525, -0.989483, -0.123776, 0.880948, 0.123776, -0.456738, 0.040909, 1.49743, -0.246412)
bind/89/name = &"J_Sec_Hair2_21"
bind/89/bone = -1
bind/89/pose = Transform3D(-0.531706, -0.0241785, -0.846584, 0.0241785, -0.999618, 0.0133636, -0.846584, -0.0133636, 0.532088, 0.108172, 1.45372, 0.0802336)
bind/90/name = &"J_Sec_Hair3_21"
bind/90/bone = -1
bind/90/pose = Transform3D(0.0921597, 0.2933, -0.951568, -0.2933, -0.905243, -0.307427, -0.951568, 0.307427, 0.00259763, -0.389717, 1.30176, -0.342602)
bind/91/name = &"J_Sec_Hair4_21"
bind/91/bone = -1
bind/91/pose = Transform3D(0.0921597, 0.2933, -0.951568, -0.2933, -0.905243, -0.307427, -0.951568, 0.307427, 0.00259763, -0.389717, 1.24303, -0.342602)
bind/92/name = &"J_Sec_Hair1_22"
bind/92/bone = -1
bind/92/pose = Transform3D(0.180173, 0.0974278, -0.978798, -0.0974278, -0.988422, -0.11632, -0.978798, 0.11632, -0.168594, -0.0958234, 1.4822, -0.252925)
bind/93/name = &"J_Sec_Hair2_22"
bind/93/bone = -1
bind/93/pose = Transform3D(-0.472596, -0.00279594, -0.881275, 0.00279594, -0.999995, 0.00167323, -0.881275, -0.00167323, 0.472601, -0.0130338, 1.44944, -0.0919748)
bind/94/name = &"J_Sec_Hair3_22"
bind/94/bone = -1
bind/94/pose = Transform3D(0.0983394, -0.302961, 0.947915, 0.302961, -0.898204, -0.318503, 0.947915, 0.318503, 0.00345671, 0.403257, 1.28936, -0.357804)
bind/95/name = &"J_Sec_Hair4_22"
bind/95/bone = -1
bind/95/pose = Transform3D(0.0983394, -0.302961, 0.947915, 0.302961, -0.898204, -0.318503, 0.947915, 0.318503, 0.00345671, 0.403257, 1.23429, -0.357804)
bind/96/name = &"J_Sec_Hair1_23"
bind/96/bone = -1
bind/96/pose = Transform3D(0.94812, 0.058742, 0.312438, -0.058742, -0.933488, 0.353765, 0.312438, -0.353765, -0.881608, -0.0817025, 1.43088, 0.626379)
bind/97/name = &"J_Sec_Hair2_23"
bind/97/bone = -1
bind/97/pose = Transform3D(-0.581214, -0.0276348, 0.813281, 0.0276348, -0.999517, -0.0142137, 0.813281, 0.0142137, 0.581697, -0.0538374, 1.51283, -0.0439075)
bind/98/name = &"J_Sec_Hair3_23"
bind/98/bone = -1
bind/98/pose = Transform3D(-0.581214, -0.0276348, 0.813281, 0.0276348, -0.999517, -0.0142137, 0.813281, 0.0142137, 0.581697, -0.0538374, 1.45808, -0.0439075)
bind/99/name = &"LeftShoulder"
bind/99/bone = -1
bind/99/pose = Transform3D(0, 0, 1, 0.990027, -0.140876, 0, 0.140876, 0.990027, 0, 0.0254722, 0.160283, -1.28539)
bind/100/name = &"LeftUpperArm"
bind/100/bone = -1
bind/100/pose = Transform3D(0, 0, -1, 1, 0, 0, 0, -1, 0, -0.0254722, -0.108556, 1.28289)
bind/101/name = &"LeftLowerArm"
bind/101/bone = -1
bind/101/pose = Transform3D(1.11055e-05, -1, 9.72473e-09, 0.999998, 1.11055e-05, 0.00175134, -0.00175134, -9.72473e-09, 0.999998, 1.28288, -0.328378, 0.0260473)
bind/102/name = &"LeftHand"
bind/102/bone = -1
bind/102/pose = Transform3D(-0.01939, -0.000720658, -0.999812, 0.997053, 0.0742234, -0.01939, 0.0742234, -0.997241, -0.000720658, -0.0136363, -0.6372, 1.23902)
bind/103/name = &"LeftIndexProximal"
bind/103/bone = -1
bind/103/pose = Transform3D(-0.0194212, 0, -0.999811, 0.999811, 0, -0.0194212, 0, -1, 0, 0.00638078, -0.608567, 1.29027)
bind/104/name = &"LeftIndexIntermediate"
bind/104/bone = -1
bind/104/pose = Transform3D(-0.038528, 0.000556414, -0.999257, 0.99884, -0.0288669, -0.038528, -0.0288669, -0.999583, 0.000556414, 0.0179297, -0.604083, 1.30826)
bind/105/name = &"LeftIndexDistal"
bind/105/bone = -1
bind/105/pose = Transform3D(-0.038528, 0.000556414, -0.999257, 0.99884, -0.0288669, -0.038528, -0.0288669, -0.999583, 0.000556414, 0.0179297, -0.624566, 1.30826)
bind/106/name = &"LeftLittleProximal"
bind/106/bone = -1
bind/106/pose = Transform3D(0, 0, -1, 1, 0, 0, 0, -1, 0, -0.0542719, -0.604194, 1.29027)
bind/107/name = &"LeftLittleIntermediate"
bind/107/bone = -1
bind/107/pose = Transform3D(0, 0, -1, 1, 0, 0, 0, -1, 0, -0.0542719, -0.635637, 1.29027)
bind/108/name = &"LeftLittleDistal"
bind/108/bone = -1
bind/108/pose = Transform3D(0, 0, -1, 1, 0, 0, 0, -1, 0, -0.0542719, -0.653759, 1.29027)
bind/109/name = &"LeftMiddleProximal"
bind/109/bone = -1
bind/109/pose = Transform3D(0, 0, -1, 1, 0, 0, 0, -1, 0, -0.0230494, -0.609468, 1.29027)
bind/110/name = &"LeftMiddleIntermediate"
bind/110/bone = -1
bind/110/pose = Transform3D(0, 0, -1, 1, 0, 0, 0, -1, 0, -0.0230494, -0.646526, 1.29027)
bind/111/name = &"LeftMiddleDistal"
bind/111/bone = -1
bind/111/pose = Transform3D(0, 0, -1, 1, 0, 0, 0, -1, 0, -0.0230494, -0.669387, 1.29027)
bind/112/name = &"LeftRingProximal"
bind/112/bone = -1
bind/112/pose = Transform3D(0, 0, -1, 1, 0, 0, 0, -1, 0, -0.0386844, -0.608712, 1.29027)
bind/113/name = &"LeftRingIntermediate"
bind/113/bone = -1
bind/113/pose = Transform3D(0, 0, -1, 1, 0, 0, 0, -1, 0, -0.0386844, -0.643087, 1.29027)
bind/114/name = &"LeftRingDistal"
bind/114/bone = -1
bind/114/pose = Transform3D(0, 0, -1, 1, 0, 0, 0, -1, 0, -0.0386844, -0.662925, 1.29027)
bind/115/name = &"LeftThumbMetacarpal"
bind/115/bone = -1
bind/115/pose = Transform3D(0.0349195, 0.999019, 0.0271885, 0.758667, -0.0442358, 0.649041, 0.649607, -0.0020397, -0.759468, -1.29047, -0.352466, -0.359427)
bind/116/name = &"LeftThumbProximal"
bind/116/bone = -1
bind/116/pose = Transform3D(0.0271297, 0.999427, 0.020184, 0.786722, -0.0338251, 0.615394, 0.615725, -0.000817274, -0.787189, -1.28631, -0.427883, -0.340675)
bind/117/name = &"LeftThumbDistal"
bind/117/bone = -1
bind/117/pose = Transform3D(0.0271297, 0.999427, 0.020184, 0.786722, -0.0338251, 0.615394, 0.615725, -0.000817274, -0.78719, -1.2863, -0.456529, -0.340675)
bind/118/name = &"RightShoulder"
bind/118/bone = -1
bind/118/pose = Transform3D(0, 0, -1, -0.990027, -0.140876, 0, -0.140876, 0.990027, 0, -0.0254722, 0.160283, -1.28539)
bind/119/name = &"RightUpperArm"
bind/119/bone = -1
bind/119/pose = Transform3D(0, 0, 1, -1, 0, 0, 0, -1, 0, 0.0254722, -0.108556, 1.28289)
bind/120/name = &"RightLowerArm"
bind/120/bone = -1
bind/120/pose = Transform3D(1.11055e-05, 1, -9.72473e-09, -0.999998, 1.11055e-05, 0.00175134, 0.00175134, -9.72473e-09, 0.999998, -1.28288, -0.328378, 0.0260473)
bind/121/name = &"RightHand"
bind/121/bone = -1
bind/121/pose = Transform3D(-0.01939, 0.000720658, 0.999812, -0.997053, 0.0742234, -0.01939, -0.0742234, -0.997241, -0.000720658, 0.0136363, -0.6372, 1.23902)
bind/122/name = &"RightIndexProximal"
bind/122/bone = -1
bind/122/pose = Transform3D(-0.0194212, 0, 0.999811, -0.999811, 0, -0.0194212, 0, -1, 0, -0.00638078, -0.608567, 1.29027)
bind/123/name = &"RightIndexIntermediate"
bind/123/bone = -1
bind/123/pose = Transform3D(-0.038528, -0.000556414, 0.999257, -0.99884, -0.0288669, -0.038528, 0.0288669, -0.999583, 0.000556414, -0.0179297, -0.604083, 1.30826)
bind/124/name = &"RightIndexDistal"
bind/124/bone = -1
bind/124/pose = Transform3D(-0.038528, -0.000556414, 0.999257, -0.99884, -0.0288669, -0.038528, 0.0288669, -0.999583, 0.000556414, -0.0179297, -0.624566, 1.30826)
bind/125/name = &"RightLittleProximal"
bind/125/bone = -1
bind/125/pose = Transform3D(0, 0, 1, -1, 0, 0, 0, -1, 0, 0.0542719, -0.604194, 1.29027)
bind/126/name = &"RightLittleIntermediate"
bind/126/bone = -1
bind/126/pose = Transform3D(0, 0, 1, -1, 0, 0, 0, -1, 0, 0.0542719, -0.635637, 1.29027)
bind/127/name = &"RightLittleDistal"
bind/127/bone = -1
bind/127/pose = Transform3D(0, 0, 1, -1, 0, 0, 0, -1, 0, 0.0542719, -0.653759, 1.29027)
bind/128/name = &"RightMiddleProximal"
bind/128/bone = -1
bind/128/pose = Transform3D(0, 0, 1, -1, 0, 0, 0, -1, 0, 0.0230494, -0.609468, 1.29027)
bind/129/name = &"RightMiddleIntermediate"
bind/129/bone = -1
bind/129/pose = Transform3D(0, 0, 1, -1, 0, 0, 0, -1, 0, 0.0230494, -0.646526, 1.29027)
bind/130/name = &"RightMiddleDistal"
bind/130/bone = -1
bind/130/pose = Transform3D(0, 0, 1, -1, 0, 0, 0, -1, 0, 0.0230494, -0.669387, 1.29027)
bind/131/name = &"RightRingProximal"
bind/131/bone = -1
bind/131/pose = Transform3D(0, 0, 1, -1, 0, 0, 0, -1, 0, 0.0386844, -0.608712, 1.29027)
bind/132/name = &"RightRingIntermediate"
bind/132/bone = -1
bind/132/pose = Transform3D(0, 0, 1, -1, 0, 0, 0, -1, 0, 0.0386844, -0.643087, 1.29027)
bind/133/name = &"RightRingDistal"
bind/133/bone = -1
bind/133/pose = Transform3D(0, 0, 1, -1, 0, 0, 0, -1, 0, 0.0386844, -0.662925, 1.29027)
bind/134/name = &"RightThumbMetacarpal"
bind/134/bone = -1
bind/134/pose = Transform3D(0.0349195, -0.999019, -0.0271885, -0.758667, -0.0442358, 0.649041, -0.649607, -0.0020397, -0.759468, 1.29047, -0.352466, -0.359427)
bind/135/name = &"RightThumbProximal"
bind/135/bone = -1
bind/135/pose = Transform3D(0.0271297, -0.999427, -0.020184, -0.786722, -0.0338251, 0.615394, -0.615725, -0.000817274, -0.787189, 1.28631, -0.427883, -0.340675)
bind/136/name = &"RightThumbDistal"
bind/136/bone = -1
bind/136/pose = Transform3D(0.0271297, -0.999427, -0.020184, -0.786722, -0.0338251, 0.615394, -0.615725, -0.000817274, -0.78719, 1.2863, -0.456529, -0.340675)
bind/137/name = &"LeftUpperLeg"
bind/137/bone = -1
bind/137/pose = Transform3D(-0.999937, 0.0112629, -0.000122588, -0.0112629, -0.9997, 0.0217653, 0.000122588, 0.0217653, 0.999763, 0.0672741, 0.877565, -0.0190166)
bind/138/name = &"J_Sec_L_SkirtBack0_01"
bind/138/bone = -1
bind/138/pose = Transform3D(-1, 0, 0, 0, -1, 0, 0, 0, 1, 0.0776539, 0.911317, 0.129639)
bind/139/name = &"J_Sec_L_SkirtBack1_01"
bind/139/bone = -1
bind/139/pose = Transform3D(-0.972545, -0.227873, -0.0472212, 0.227873, -0.891327, -0.391932, 0.0472212, -0.391932, 0.918781, 0.277065, 0.743777, 0.472618)
bind/140/name = &"J_Sec_L_SkirtBack2_01"
bind/140/bone = -1
bind/140/pose = Transform3D(-0.973715, -0.223876, -0.0419382, 0.223876, -0.906802, -0.357198, 0.0419382, -0.357198, 0.933087, 0.275005, 0.625932, 0.448397)
bind/141/name = &"J_Sec_L_SkirtBack2_end_01"
bind/141/bone = -1
bind/141/pose = Transform3D(-0.973715, -0.223876, -0.0419382, 0.223876, -0.906802, -0.357198, 0.0419382, -0.357198, 0.933087, 0.275005, 0.489711, 0.448397)
bind/142/name = &"J_Sec_L_SkirtFront0_01"
bind/142/bone = -1
bind/142/pose = Transform3D(-1, 0, 0, 0, -1, 0, 0, 0, 1, 0.0731132, 0.880844, -0.143715)
bind/143/name = &"J_Sec_L_SkirtFront1_01"
bind/143/bone = -1
bind/143/pose = Transform3D(-0.985052, -0.171717, 0.0135945, 0.171717, -0.972689, 0.156174, -0.0135945, 0.156174, 0.987636, 0.221323, 0.821788, -0.278508)
bind/144/name = &"J_Sec_L_SkirtFront2_01"
bind/144/bone = -1
bind/144/pose = Transform3D(-0.985304, -0.17026, 0.0136772, 0.17026, -0.972575, 0.158459, -0.0136772, 0.158459, 0.987271, 0.22023, 0.693909, -0.28017)
bind/145/name = &"J_Sec_L_SkirtFront2_end_01"
bind/145/bone = -1
bind/145/pose = Transform3D(-0.985304, -0.17026, 0.0136772, 0.17026, -0.972575, 0.158459, -0.0136772, 0.158459, 0.987271, 0.22023, 0.53816, -0.28017)
bind/146/name = &"LeftLowerLeg"
bind/146/bone = -1
bind/146/pose = Transform3D(0.964571, 0.263435, 0.0143207, 0.263435, -0.958782, -0.106482, -0.0143207, 0.106482, -0.994211, -0.212369, 0.481331, -0.0621194)
bind/147/name = &"J_Sec_L_CoatSkirtBack_01"
bind/147/bone = -1
bind/147/pose = Transform3D(0.997128, 0.0755116, 0.00588663, 0.0755116, -0.985064, -0.154749, -0.00588663, 0.154749, -0.987936, -0.131978, 0.340967, -0.261643)
bind/148/name = &"J_Sec_L_CoatSkirtBack_end_01"
bind/148/bone = -1
bind/148/pose = Transform3D(0.997128, 0.0755116, 0.00588663, 0.0755116, -0.985064, -0.154749, -0.00588663, 0.154749, -0.987936, -0.131978, 0.188412, -0.261643)
bind/149/name = &"J_Sec_L_CoatSkirtFront_01"
bind/149/bone = -1
bind/149/pose = Transform3D(0.997498, 0.0706669, -0.00181705, 0.0706669, -0.996179, 0.0513275, 0.00181705, -0.0513275, -0.99868, -0.120836, 0.348585, 0.15689)
bind/150/name = &"J_Sec_L_CoatSkirtFront_end_01"
bind/150/bone = -1
bind/150/pose = Transform3D(0.997498, 0.0706669, -0.00181705, 0.0706669, -0.996179, 0.0513275, 0.00181705, -0.0513275, -0.99868, -0.120836, 0.197207, 0.15689)
bind/151/name = &"J_Sec_L_CoatSkirtSide1_01"
bind/151/bone = -1
bind/151/pose = Transform3D(0.990168, 0.139848, 0.00306822, 0.139848, -0.989211, -0.0436426, -0.00306822, 0.0436426, -0.999043, -0.295543, 0.508344, -0.030969)
bind/152/name = &"J_Sec_L_CoatSkirtSide2_01"
bind/152/bone = -1
bind/152/pose = Transform3D(0.992963, 0.118392, 0.00268404, 0.118392, -0.991939, -0.0451587, -0.00268404, 0.0451587, -0.998976, -0.288041, 0.349083, -0.0316408)
bind/153/name = &"J_Sec_L_CoatSkirtSide2_end_01"
bind/153/bone = -1
bind/153/pose = Transform3D(0.992963, 0.118392, 0.00268404, 0.118392, -0.991939, -0.0451587, -0.00268404, 0.0451587, -0.998976, -0.288041, 0.1972, -0.0316408)
bind/154/name = &"LeftFoot"
bind/154/bone = -1
bind/154/pose = Transform3D(-1, 0, 0, 0, -0.494979, 0.868905, 0, 0.868905, 0.494979, 0.0771561, 0.0822598, -0.0789386)
bind/155/name = &"LeftToes"
bind/155/bone = -1
bind/155/pose = Transform3D(1, 0, 0, 0, 0.494979, 0.868905, 0, -0.868905, 0.494979, -0.0771561, -0.090917, 0.00143857)
bind/156/name = &"RightUpperLeg"
bind/156/bone = -1
bind/156/pose = Transform3D(-0.999937, -0.0112629, 0.000122588, 0.0112629, -0.9997, 0.0217652, -0.000122588, 0.0217652, 0.999763, -0.0672741, 0.877565, -0.0190166)
bind/157/name = &"J_Sec_R_SkirtBack0_01"
bind/157/bone = -1
bind/157/pose = Transform3D(-1, 0, 0, 0, -1, 0, 0, 0, 1, -0.0776539, 0.911317, 0.129639)
bind/158/name = &"J_Sec_R_SkirtBack1_01"
bind/158/bone = -1
bind/158/pose = Transform3D(-0.972545, 0.227873, 0.0472211, -0.227873, -0.891327, -0.391932, -0.0472211, -0.391932, 0.918782, -0.277064, 0.743776, 0.472617)
bind/159/name = &"J_Sec_R_SkirtBack2_01"
bind/159/bone = -1
bind/159/pose = Transform3D(-0.973714, 0.22388, 0.0419389, -0.22388, -0.906801, -0.357197, -0.0419389, -0.357197, 0.933087, -0.275008, 0.625931, 0.448397)
bind/160/name = &"J_Sec_R_SkirtBack2_end_01"
bind/160/bone = -1
bind/160/pose = Transform3D(-0.973714, 0.22388, 0.0419389, -0.22388, -0.906801, -0.357197, -0.0419389, -0.357197, 0.933087, -0.275008, 0.48971, 0.448397)
bind/161/name = &"J_Sec_R_SkirtFront0_01"
bind/161/bone = -1
bind/161/pose = Transform3D(-1, 0, 0, 0, -1, 0, 0, 0, 1, -0.0731132, 0.880844, -0.143715)
bind/162/name = &"J_Sec_R_SkirtFront1_01"
bind/162/bone = -1
bind/162/pose = Transform3D(-0.985052, 0.171718, -0.0135946, -0.171718, -0.972688, 0.156174, 0.0135946, 0.156174, 0.987636, -0.221323, 0.821787, -0.278509)
bind/163/name = &"J_Sec_R_SkirtFront2_01"
bind/163/bone = -1
bind/163/pose = Transform3D(-0.985305, 0.170257, -0.0136769, -0.170257, -0.972576, 0.158459, 0.0136769, 0.158459, 0.987271, -0.220228, 0.69391, -0.280171)
bind/164/name = &"J_Sec_R_SkirtFront2_end_01"
bind/164/bone = -1
bind/164/pose = Transform3D(-0.985305, 0.170257, -0.0136769, -0.170257, -0.972576, 0.158459, 0.0136769, 0.158459, 0.987271, -0.220228, 0.538161, -0.280171)
bind/165/name = &"RightLowerLeg"
bind/165/bone = -1
bind/165/pose = Transform3D(0.964571, -0.263436, -0.0143207, -0.263436, -0.958782, -0.106482, 0.0143207, 0.106482, -0.994211, 0.21237, 0.481331, -0.0621195)
bind/166/name = &"J_Sec_R_CoatSkirtBack_01"
bind/166/bone = -1
bind/166/pose = Transform3D(0.997128, -0.0755116, -0.00588663, -0.0755116, -0.985064, -0.154749, 0.00588663, 0.154749, -0.987936, 0.131978, 0.340967, -0.261643)
bind/167/name = &"J_Sec_R_CoatSkirtBack_end_01"
bind/167/bone = -1
bind/167/pose = Transform3D(0.997128, -0.0755116, -0.00588663, -0.0755116, -0.985064, -0.154749, 0.00588663, 0.154749, -0.987936, 0.131978, 0.188412, -0.261643)
bind/168/name = &"J_Sec_R_CoatSkirtFront_01"
bind/168/bone = -1
bind/168/pose = Transform3D(0.997498, -0.0706668, 0.00181705, -0.0706668, -0.996179, 0.0513275, -0.00181705, -0.0513275, -0.99868, 0.120836, 0.348585, 0.15689)
bind/169/name = &"J_Sec_R_CoatSkirtFront_end_01"
bind/169/bone = -1
bind/169/pose = Transform3D(0.997498, -0.0706668, 0.00181705, -0.0706668, -0.996179, 0.0513275, -0.00181705, -0.0513275, -0.99868, 0.120836, 0.197207, 0.15689)
bind/170/name = &"J_Sec_R_CoatSkirtSide1_01"
bind/170/bone = -1
bind/170/pose = Transform3D(0.990168, -0.139848, -0.00306823, -0.139848, -0.989211, -0.0436427, 0.00306823, 0.0436427, -0.999043, 0.295543, 0.508344, -0.030969)
bind/171/name = &"J_Sec_R_CoatSkirtSide2_01"
bind/171/bone = -1
bind/171/pose = Transform3D(0.992963, -0.118392, -0.00268403, -0.118392, -0.991939, -0.0451586, 0.00268403, 0.0451586, -0.998976, 0.288041, 0.349083, -0.0316408)
bind/172/name = &"J_Sec_R_CoatSkirtSide2_end_01"
bind/172/bone = -1
bind/172/pose = Transform3D(0.992963, -0.118392, -0.00268403, -0.118392, -0.991939, -0.0451586, 0.00268403, 0.0451586, -0.998976, 0.288041, 0.1972, -0.0316408)
bind/173/name = &"RightFoot"
bind/173/bone = -1
bind/173/pose = Transform3D(-1, 0, 0, 0, -0.494979, 0.868905, 0, 0.868905, 0.494979, -0.0771561, 0.0822598, -0.0789386)
bind/174/name = &"RightToes"
bind/174/bone = -1
bind/174/pose = Transform3D(1, 0, 0, 0, 0.494979, 0.868905, 0, -0.868905, 0.494979, 0.0771561, -0.090917, 0.00143857)

[sub_resource type="Skin" id="Skin_av8hu"]
resource_name = "Skin"
bind_count = 175
bind/0/name = &"Root_2"
bind/0/bone = -1
bind/0/pose = Transform3D(1, 0, 0, 0, 0.999992, 0.00390083, 0, -0.00390083, 0.999992, 0, 0, 0)
bind/1/name = &"Hips"
bind/1/bone = -1
bind/1/pose = Transform3D(1, 0, 0, 0, -0.947494, 0.319773, 0, -0.319773, -0.947494, 0, 0.867455, 0.296535)
bind/2/name = &"J_Sec_L_SkirtSide0_01"
bind/2/bone = -1
bind/2/pose = Transform3D(1, 0, 0, 0, 1, 0, 0, 0, 1, -0.192141, -0.898551, -0.0117459)
bind/3/name = &"J_Sec_L_SkirtSide1_01"
bind/3/bone = -1
bind/3/pose = Transform3D(-0.87777, -0.362397, 0.31335, 0.362397, -0.93006, -0.0604744, 0.31335, 0.0604744, 0.94771, 0.490607, 0.766786, -0.125679)
bind/4/name = &"J_Sec_L_SkirtSide2_01"
bind/4/bone = -1
bind/4/pose = Transform3D(-0.890919, -0.312835, 0.329237, 0.312835, -0.948244, -0.0544691, 0.329237, 0.0544691, 0.942675, 0.45583, 0.649664, -0.124943)
bind/5/name = &"J_Sec_L_SkirtSide2_end_01"
bind/5/bone = -1
bind/5/pose = Transform3D(-0.890919, -0.312835, 0.329237, 0.312835, -0.948244, -0.0544691, 0.329237, 0.0544691, 0.942675, 0.45583, 0.51572, -0.124943)
bind/6/name = &"J_Sec_R_SkirtSide0_01"
bind/6/bone = -1
bind/6/pose = Transform3D(1, 0, 0, 0, 1, 0, 0, 0, 1, 0.192141, -0.898551, -0.0117459)
bind/7/name = &"J_Sec_R_SkirtSide1_01"
bind/7/bone = -1
bind/7/pose = Transform3D(-0.877769, 0.362395, -0.313353, -0.362395, -0.93006, -0.0604748, -0.313353, 0.0604748, 0.947709, -0.490606, 0.766786, -0.125679)
bind/8/name = &"J_Sec_R_SkirtSide2_01"
bind/8/bone = -1
bind/8/pose = Transform3D(-0.89092, 0.312834, -0.329237, -0.312834, -0.948245, -0.054469, -0.329237, 0.054469, 0.942675, -0.455829, 0.649665, -0.124942)
bind/9/name = &"J_Sec_R_SkirtSide2_end_01"
bind/9/bone = -1
bind/9/pose = Transform3D(-0.89092, 0.312834, -0.329237, -0.312834, -0.948245, -0.054469, -0.329237, 0.054469, 0.942675, -0.455829, 0.51572, -0.124942)
bind/10/name = &"Spine"
bind/10/bone = -1
bind/10/pose = Transform3D(0.976686, -0.214635, -0.00396994, 0.214635, 0.97601, 0.0365487, -0.00396994, -0.0365487, 0.999324, 0.208003, -0.94615, 0.0193259)
bind/11/name = &"Chest"
bind/11/bone = -1
bind/11/pose = Transform3D(1, 0, 0, 0, 0.99087, -0.134822, 0, 0.134822, 0.99087, 0, -1.06936, -0.164821)
bind/12/name = &"UpperChest"
bind/12/bone = -1
bind/12/pose = Transform3D(1, 0, 0, 0, 0.992817, 0.119641, 0, -0.119641, 0.992817, 0, -1.18145, 0.137844)
bind/13/name = &"J_Sec_L_Bust1"
bind/13/bone = -1
bind/13/pose = Transform3D(0.813521, -0.454711, -0.362521, 0.454711, 0.10877, 0.883972, -0.362521, -0.883972, 0.295249, 0.520456, -0.217988, 1.04283)
bind/14/name = &"J_Sec_L_Bust2"
bind/14/bone = -1
bind/14/pose = Transform3D(0.813521, -0.454711, -0.362521, 0.454711, 0.10877, 0.883972, -0.362521, -0.883972, 0.295249, 0.520456, -0.275406, 1.04283)
bind/15/name = &"J_Sec_R_Bust1"
bind/15/bone = -1
bind/15/pose = Transform3D(0.813521, 0.454711, 0.362521, -0.454711, 0.10877, 0.883972, 0.362521, -0.883972, 0.295249, -0.520456, -0.217988, 1.04283)
bind/16/name = &"J_Sec_R_Bust2"
bind/16/bone = -1
bind/16/pose = Transform3D(0.813521, 0.454711, 0.362521, -0.454711, 0.10877, 0.883972, 0.362521, -0.883972, 0.295249, -0.520456, -0.275406, 1.04283)
bind/17/name = &"Neck"
bind/17/bone = -1
bind/17/pose = Transform3D(1, 0, 0, 0, 0.992275, 0.124059, 0, -0.124059, 0.992275, 0, -1.30734, 0.197572)
bind/18/name = &"Head"
bind/18/bone = -1
bind/18/pose = Transform3D(0.999923, 0.012294, 0.00153244, -0.012294, 0.969325, 0.245476, 0.00153244, -0.245476, 0.969402, -0.0171113, -1.34607, 0.366375)
bind/19/name = &"LeftEye"
bind/19/bone = -1
bind/19/pose = Transform3D(0.999923, -0.00153244, 0.012294, -0.012294, -0.245476, 0.969325, 0.00153244, -0.969402, -0.245476, -0.016276, 0.359928, 1.40924)
bind/20/name = &"RightEye"
bind/20/bone = -1
bind/20/pose = Transform3D(0.999923, -0.00153244, 0.012294, -0.012294, -0.245476, 0.969325, 0.00153244, -0.969402, -0.245476, 0.0208014, 0.359472, 1.4093)
bind/21/name = &"J_Sec_Hair1_01"
bind/21/bone = -1
bind/21/pose = Transform3D(-0.59095, 0.138388, 0.79475, -0.138388, -0.987962, 0.0691309, 0.79475, -0.0691309, 0.602987, -0.296963, 1.50035, 0.104318)
bind/22/name = &"J_Sec_Hair2_01"
bind/22/bone = -1
bind/22/pose = Transform3D(-0.592514, -0.174887, -0.786347, 0.174887, -0.980794, 0.0863555, -0.786347, -0.0863555, 0.611719, 0.285347, 1.47174, 0.0417661)
bind/23/name = &"J_Sec_Hair3_01"
bind/23/bone = -1
bind/23/pose = Transform3D(-0.592514, -0.174887, -0.786347, 0.174887, -0.980794, 0.0863555, -0.786347, -0.0863555, 0.611719, 0.285347, 1.43822, 0.0417661)
bind/24/name = &"J_Sec_Hair1_02"
bind/24/bone = -1
bind/24/pose = Transform3D(0.998976, 0.00229571, -0.0451895, -0.00229571, -0.994854, -0.10129, -0.0451895, 0.10129, -0.99383, 0.0786867, 1.49678, -0.108962)
bind/25/name = &"J_Sec_Hair2_02"
bind/25/bone = -1
bind/25/pose = Transform3D(-0.581681, -0.343886, -0.737149, 0.343886, -0.925233, 0.160269, -0.737149, -0.160269, 0.656448, 0.491265, 1.3808, 0.147751)
bind/26/name = &"J_Sec_Hair3_02"
bind/26/bone = -1
bind/26/pose = Transform3D(-0.581681, -0.343886, -0.737149, 0.343886, -0.925233, 0.160269, -0.737149, -0.160269, 0.656448, 0.491265, 1.35159, 0.147751)
bind/27/name = &"J_Sec_Hair1_03"
bind/27/bone = -1
bind/27/pose = Transform3D(-0.963193, -0.241249, 0.118571, 0.241249, -0.970354, -0.0145707, 0.118571, 0.0145707, 0.992839, 0.403332, 1.47257, -0.101109)
bind/28/name = &"J_Sec_Hair2_03"
bind/28/bone = -1
