[gd_scene load_steps=8 format=3 uid="uid://dfi0h5mos1hj1"]

[ext_resource type="PackedScene" uid="uid://xk6j7y7gy4u3" path="res://passive_marker_man/marker_man.vrm" id="1_mhbbu"]

[sub_resource type="Skin" id="Skin_ojc1x"]
resource_name = "Skin"
bind_count = 65
bind/0/name = &"Hips"
bind/0/bone = -1
bind/0/pose = Transform3D(1, -1.07186e-06, -2.92006e-07, 1.07186e-06, 0.86182, 0.507214, -2.92006e-07, -0.507214, 0.86182, 1.018e-06, -0.830399, 0.489132)
bind/1/name = &"Spine"
bind/1/bone = -1
bind/1/pose = Transform3D(1, -1.67275e-08, 8.52098e-11, 1.67275e-08, 0.999948, -0.0101877, 8.52098e-11, 0.0101877, 0.999948, -8.27195e-08, -1.0558, -0.0261738)
bind/2/name = &"Chest"
bind/2/bone = -1
bind/2/pose = Transform3D(1, -5.85691e-09, 2.7684e-10, 5.85691e-09, 0.995542, -0.0943237, 2.7684e-10, 0.0943237, 0.995542, -9.59686e-08, -1.21182, -0.128637)
bind/3/name = &"UpperChest"
bind/3/bone = -1
bind/3/pose = Transform3D(1, -0.00011027, 1.86701e-05, 0.00011027, 0.944265, -0.329187, 1.86701e-05, 0.329187, 0.944265, 0.000149291, -1.27915, -0.446821)
bind/4/name = &"Neck"
bind/4/bone = -1
bind/4/pose = Transform3D(1, -4.34504e-09, -4.58815e-10, 4.34504e-09, 0.977945, 0.208861, -4.58815e-10, -0.208861, 0.977945, -9.80627e-08, -1.45186, 0.353744)
bind/5/name = &"Head"
bind/5/bone = -1
bind/5/pose = Transform3D(1, -1.96018e-13, 6.32299e-16, 1.96018e-13, 0.999979, -0.00645136, 6.32299e-16, 0.00645136, 0.999979, -1.04726e-07, -1.53731, 0.0235185)
bind/6/name = &"mixamorig_HeadTop_End"
bind/6/bone = -1
bind/6/pose = Transform3D(1, -1.96018e-13, 6.32299e-16, 1.96018e-13, 0.999979, -0.00645136, 6.32299e-16, 0.00645136, 0.999979, -1.04726e-07, -1.7548, 0.0235185)
bind/7/name = &"LeftShoulder"
bind/7/bone = -1
bind/7/pose = Transform3D(0.143496, -0.00643527, 0.98963, 0.985637, -0.0890487, -0.143496, 0.0890487, 0.996006, -0.00643527, 0.0372684, 0.0638452, -1.45671)
bind/8/name = &"LeftUpperArm"
bind/8/bone = -1
bind/8/pose = Transform3D(0, 0, -1, 1, 0, 0, 0, -1, 0, -0.0550297, -0.184633, 1.44569)
bind/9/name = &"LeftLowerArm"
bind/9/bone = -1
bind/9/pose = Transform3D(0, -1, 0, 1, 0, 0, 0, 0, 1, 1.44569, -0.461503, 0.0550296)
bind/10/name = &"LeftHand"
bind/10/bone = -1
bind/10/pose = Transform3D(-0.0596223, 0.00116431, -0.99822, 0.997459, -0.0390065, -0.0596223, -0.0390065, -0.999238, 0.00116431, -0.0124799, -0.68525, 1.47352)
bind/11/name = &"LeftThumbMetacarpal"
bind/11/bone = -1
bind/11/pose = Transform3D(0.375487, 0.894326, 0.241789, 0.773279, -0.446995, 0.446454, 0.507354, 0.0194034, -0.859405, -1.55982, 0.0175121, -0.446136)
bind/12/name = &"LeftThumbMetacarpal"
bind/12/bone = -1
bind/12/pose = Transform3D(0.375487, 0.894326, 0.241789, 0.773279, -0.446995, 0.446454, 0.507354, 0.0194034, -0.859405, -1.55982, 0.0175121, -0.446136)
bind/13/name = &"LeftThumbProximal"
bind/13/bone = -1
bind/13/pose = Transform3D(0.375489, 0.894324, 0.24179, 0.773278, -0.446998, 0.446452, 0.507353, 0.0194037, -0.859405, -1.55977, -0.0341947, -0.446135)
bind/14/name = &"LeftThumbDistal"
bind/14/bone = -1
bind/14/pose = Transform3D(0.375491, 0.894324, 0.24179, 0.77328, -0.446999, 0.446448, 0.507349, 0.0194049, -0.859408, -1.55975, -0.0612115, -0.446132)
bind/15/name = &"LeftIndexProximal"
bind/15/bone = -1
bind/15/pose = Transform3D(0, 0, -1, 1, 0, 0, 0, -1, 0, -0.0323811, -0.900882, 1.44337)
bind/16/name = &"LeftIndexProximal"
bind/16/bone = -1
bind/16/pose = Transform3D(0, 0, -1, 1, 0, 0, 0, -1, 0, -0.0323811, -0.900882, 1.44337)
bind/17/name = &"LeftIndexIntermediate"
bind/17/bone = -1
bind/17/pose = Transform3D(0, 0, -1, 1, 0, 0, 0, -1, 0, -0.0323811, -0.934793, 1.44337)
bind/18/name = &"LeftIndexDistal"
bind/18/bone = -1
bind/18/pose = Transform3D(0, 0, -1, 1, 0, 0, 0, -1, 0, -0.032381, -0.958136, 1.44337)
bind/19/name = &"LeftMiddleProximal"
bind/19/bone = -1
bind/19/pose = Transform3D(0, 0, -1, 1, 0, 0, 0, -1, 0, -0.0550296, -0.90307, 1.44569)
bind/20/name = &"LeftMiddleProximal"
bind/20/bone = -1
bind/20/pose = Transform3D(0, 0, -1, 1, 0, 0, 0, -1, 0, -0.0550296, -0.90307, 1.44569)
bind/21/name = &"LeftMiddleIntermediate"
bind/21/bone = -1
bind/21/pose = Transform3D(0, 0, -1, 1, 0, 0, 0, -1, 0, -0.0550296, -0.940202, 1.44569)
bind/22/name = &"LeftMiddleDistal"
bind/22/bone = -1
bind/22/pose = Transform3D(0, 0, -1, 1, 0, 0, 0, -1, 0, -0.0550294, -0.967722, 1.44569)
bind/23/name = &"LeftRingProximal"
bind/23/bone = -1
bind/23/pose = Transform3D(0, 0, -1, 1, 0, 0, 0, -1, 0, -0.078171, -0.897101, 1.44523)
bind/24/name = &"LeftRingProximal"
bind/24/bone = -1
bind/24/pose = Transform3D(0, 0, -1, 1, 0, 0, 0, -1, 0, -0.078171, -0.897101, 1.44523)
bind/25/name = &"LeftRingIntermediate"
bind/25/bone = -1
bind/25/pose = Transform3D(0, 0, -1, 1, 0, 0, 0, -1, 0, -0.078171, -0.934233, 1.44523)
bind/26/name = &"LeftRingDistal"
bind/26/bone = -1
bind/26/pose = Transform3D(0, 0, -1, 1, 0, 0, 0, -1, 0, -0.078171, -0.95704, 1.44523)
bind/27/name = &"LeftLittleProximal"
bind/27/bone = -1
bind/27/pose = Transform3D(0, 0, -1, 1, 0, 0, 0, -1, 0, -0.0992142, -0.875207, 1.44359)
bind/28/name = &"LeftLittleProximal"
bind/28/bone = -1
bind/28/pose = Transform3D(0, 0, -1, 1, 0, 0, 0, -1, 0, -0.0992142, -0.875207, 1.44359)
bind/29/name = &"LeftLittleIntermediate"
bind/29/bone = -1
bind/29/pose = Transform3D(0, 0, -1, 1, 0, 0, 0, -1, 0, -0.0992142, -0.90332, 1.44359)
bind/30/name = &"LeftLittleDistal"
bind/30/bone = -1
bind/30/pose = Transform3D(0, 0, -1, 1, 0, 0, 0, -1, 0, -0.0992142, -0.919915, 1.44359)
bind/31/name = &"RightShoulder"
bind/31/bone = -1
bind/31/pose = Transform3D(0.14345, 0.00643118, -0.989637, -0.985646, -0.0890206, -0.14345, -0.0890206, 0.996009, -0.00643118, -0.0372712, 0.063845, -1.45671)
bind/32/name = &"RightUpperArm"
bind/32/bone = -1
bind/32/pose = Transform3D(0, 0, 1, -1, 0, 0, 0, -1, 0, 0.0550297, -0.184633, 1.44569)
bind/33/name = &"RightLowerArm"
bind/33/bone = -1
bind/33/pose = Transform3D(0, 1, 0, -1, 0, 0, 0, 0, 1, -1.44569, -0.461503, 0.0550297)
bind/34/name = &"RightHand"
bind/34/bone = -1
bind/34/pose = Transform3D(-0.0480186, -0.000831113, 0.998846, -0.998248, -0.034586, -0.0480186, 0.034586, -0.999401, 0.000831113, 0.0206224, -0.691585, 1.47047)
bind/35/name = &"RightThumbMetacarpal"
bind/35/bone = -1
bind/35/pose = Transform3D(0.375488, -0.894325, -0.24179, -0.773279, -0.446997, 0.446452, -0.507353, 0.0194037, -0.859405, 1.56164, 0.0172165, -0.443776)
bind/36/name = &"RightThumbMetacarpal"
bind/36/bone = -1
bind/36/pose = Transform3D(0.375488, -0.894325, -0.24179, -0.773279, -0.446997, 0.446452, -0.507353, 0.0194037, -0.859405, 1.56164, 0.0172165, -0.443776)
bind/37/name = &"RightThumbProximal"
bind/37/bone = -1
bind/37/pose = Transform3D(0.375487, -0.894326, -0.241788, -0.773281, -0.446994, 0.446451, -0.507351, 0.0194042, -0.859406, 1.56159, -0.033647, -0.443774)
bind/38/name = &"RightThumbDistal"
bind/38/bone = -1
bind/38/pose = Transform3D(0.375487, -0.894326, -0.241789, -0.77328, -0.446995, 0.446452, -0.507352, 0.0194038, -0.859406, 1.56157, -0.0601407, -0.443774)
bind/39/name = &"RightIndexProximal"
bind/39/bone = -1
bind/39/pose = Transform3D(0, 0, 1, -1, 0, 0, 0, -1, 0, 0.0321562, -0.899782, 1.44393)
bind/40/name = &"RightIndexProximal"
bind/40/bone = -1
bind/40/pose = Transform3D(0, 0, 1, -1, 0, 0, 0, -1, 0, 0.0321562, -0.899782, 1.44393)
bind/41/name = &"RightIndexIntermediate"
bind/41/bone = -1
bind/41/pose = Transform3D(0, 0, 1, -1, 0, 0, 0, -1, 0, 0.0321562, -0.933637, 1.44393)
bind/42/name = &"RightIndexDistal"
bind/42/bone = -1
bind/42/pose = Transform3D(0, 0, 1, -1, 0, 0, 0, -1, 0, 0.0321562, -0.957272, 1.44393)
bind/43/name = &"RightMiddleProximal"
bind/43/bone = -1
bind/43/pose = Transform3D(0, 0, 1, -1, 0, 0, 0, -1, 0, 0.0550297, -0.904201, 1.44569)
bind/44/name = &"RightMiddleProximal"
bind/44/bone = -1
bind/44/pose = Transform3D(0, 0, 1, -1, 0, 0, 0, -1, 0, 0.0550297, -0.904201, 1.44569)
bind/45/name = &"RightMiddleIntermediate"
bind/45/bone = -1
bind/45/pose = Transform3D(0, 0, 1, -1, 0, 0, 0, -1, 0, 0.0550296, -0.941565, 1.44569)
bind/46/name = &"RightMiddleDistal"
bind/46/bone = -1
bind/46/pose = Transform3D(0, 0, 1, -1, 0, 0, 0, -1, 0, 0.0550297, -0.96848, 1.44569)
bind/47/name = &"RightRingProximal"
bind/47/bone = -1
bind/47/pose = Transform3D(0, 0, 1, -1, 0, 0, 0, -1, 0, 0.0785286, -0.898173, 1.44674)
bind/48/name = &"RightRingProximal"
bind/48/bone = -1
bind/48/pose = Transform3D(0, 0, 1, -1, 0, 0, 0, -1, 0, 0.0785286, -0.898173, 1.44674)
bind/49/name = &"RightRingIntermediate"
bind/49/bone = -1
bind/49/pose = Transform3D(0, 0, 1, -1, 0, 0, 0, -1, 0, 0.0785286, -0.932089, 1.44674)
bind/50/name = &"RightRingDistal"
bind/50/bone = -1
bind/50/pose = Transform3D(0, 0, 1, -1, 0, 0, 0, -1, 0, 0.0785286, -0.955621, 1.44674)
bind/51/name = &"RightLittleProximal"
bind/51/bone = -1
bind/51/pose = Transform3D(0, 0, 1, -1, 0, 0, 0, -1, 0, 0.0988131, -0.874679, 1.44356)
bind/52/name = &"RightLittleProximal"
bind/52/bone = -1
bind/52/pose = Transform3D(0, 0, 1, -1, 0, 0, 0, -1, 0, 0.0988131, -0.874679, 1.44356)
bind/53/name = &"RightLittleIntermediate"
bind/53/bone = -1
bind/53/pose = Transform3D(0, 0, 1, -1, 0, 0, 0, -1, 0, 0.0988131, -0.902499, 1.44356)
bind/54/name = &"RightLittleDistal"
bind/54/bone = -1
bind/54/pose = Transform3D(0, 0, 1, -1, 0, 0, 0, -1, 0, 0.0988131, -0.91862, 1.44356)
bind/55/name = &"LeftUpperLeg"
bind/55/bone = -1
bind/55/pose = Transform3D(-1, 0.000155716, 9.97966e-07, -0.000155716, -0.999918, -0.0128172, -9.97966e-07, -0.0128172, 0.999918, 0.096193, 0.93095, 0.0122879)
bind/56/name = &"LeftLowerLeg"
bind/56/bone = -1
bind/56/pose = Transform3D(1, 0.000165342, 4.30678e-06, 0.000165342, -0.998644, -0.0520602, -4.30678e-06, 0.0520602, -0.998644, -0.0963578, 0.512383, -0.0324271)
bind/57/name = &"LeftFoot"
bind/57/bone = -1
bind/57/pose = Transform3D(-0.999901, 0.00658536, -0.0124347, -0.0124347, -0.827147, 0.561848, -0.00658536, 0.561947, 0.827147, 0.0952005, 0.116726, -0.0462836)
bind/58/name = &"LeftToes"
bind/58/bone = -1
bind/58/pose = Transform3D(1, 0, 0, 0, 0, 1, 0, -1, 0, -0.0945047, -0.0567079, 4.17233e-07)
bind/59/name = &"mixamorig_LeftToe_End"
bind/59/bone = -1
bind/59/pose = Transform3D(1, 0, 0, 0, 0, 1, 0, -1, 0, -0.0945047, -0.16, 4.76837e-07)
bind/60/name = &"RightUpperLeg"
bind/60/bone = -1
bind/60/pose = Transform3D(-1, 0.000155716, 9.98792e-07, -0.000155716, -0.999918, -0.0128278, -9.98792e-07, -0.0128278, 0.999918, -0.096483, 0.93092, 0.0122975)
bind/61/name = &"RightLowerLeg"
bind/61/bone = -1
bind/61/pose = Transform3D(1, 0.000165323, 4.30551e-06, 0.000165323, -0.998644, -0.0520508, -4.30551e-06, 0.0520508, -0.998644, 0.0963182, 0.512415, -0.0324275)
bind/62/name = &"RightFoot"
bind/62/bone = -1
bind/62/pose = Transform3D(-0.999901, 0.00658533, -0.0124347, -0.0124347, -0.827147, 0.561849, -0.00658533, 0.561948, 0.827147, -0.0974564, 0.114331, -0.047552)
bind/63/name = &"RightToes"
bind/63/bone = -1
bind/63/pose = Transform3D(1, 0, 0, 0, 0, 1, 0, -1, 0, 0.0981712, -0.0567072, 6.55651e-07)
bind/64/name = &"mixamorig_RightToe_End"
bind/64/bone = -1
bind/64/pose = Transform3D(1, 0, 0, 0, 0, 1, 0, -1, 0, 0.0981712, -0.16, 7.15256e-07)

[sub_resource type="Skin" id="Skin_bfarf"]
resource_name = "Skin2"
bind_count = 6
bind/0/name = &"UpperChest"
bind/0/bone = -1
bind/0/pose = Transform3D(1, -0.00011027, 1.86701e-05, 0.00011027, 0.944265, -0.329187, 1.86701e-05, 0.329187, 0.944265, 0.000149291, -1.27915, -0.446821)
bind/1/name = &"Neck"
bind/1/bone = -1
bind/1/pose = Transform3D(1, -4.34504e-09, -4.58815e-10, 4.34504e-09, 0.977945, 0.208861, -4.58815e-10, -0.208861, 0.977945, -9.80627e-08, -1.45186, 0.353744)
bind/2/name = &"Head"
bind/2/bone = -1
bind/2/pose = Transform3D(1, -1.96018e-13, 6.32299e-16, 1.96018e-13, 0.999979, -0.00645136, 6.32299e-16, 0.00645136, 0.999979, -1.04726e-07, -1.53731, 0.0235185)
bind/3/name = &"mixamorig_HeadTop_End"
bind/3/bone = -1
bind/3/pose = Transform3D(1, -1.96018e-13, 6.32299e-16, 1.96018e-13, 0.999979, -0.00645136, 6.32299e-16, 0.00645136, 0.999979, -1.04726e-07, -1.7548, 0.0235185)
bind/4/name = &"LeftShoulder"
bind/4/bone = -1
bind/4/pose = Transform3D(0.143496, -0.00643527, 0.98963, 0.985637, -0.0890487, -0.143496, 0.0890487, 0.996006, -0.00643527, 0.0372684, 0.0638452, -1.45671)
bind/5/name = &"RightShoulder"
bind/5/bone = -1
bind/5/pose = Transform3D(0.14345, 0.00643118, -0.989637, -0.985646, -0.0890206, -0.14345, -0.0890206, 0.996009, -0.00643118, -0.0372712, 0.063845, -1.45671)

[sub_resource type="Skin" id="Skin_dl75x"]
resource_name = "Skin2"
bind_count = 6
bind/0/name = &"UpperChest"
bind/0/bone = -1
bind/0/pose = Transform3D(1, -0.00011027, 1.86701e-05, 0.00011027, 0.944265, -0.329187, 1.86701e-05, 0.329187, 0.944265, 0.000149291, -1.27915, -0.446821)
bind/1/name = &"Neck"
bind/1/bone = -1
bind/1/pose = Transform3D(1, -4.34504e-09, -4.58815e-10, 4.34504e-09, 0.977945, 0.208861, -4.58815e-10, -0.208861, 0.977945, -9.80627e-08, -1.45186, 0.353744)
bind/2/name = &"Head"
bind/2/bone = -1
bind/2/pose = Transform3D(1, -1.96018e-13, 6.32299e-16, 1.96018e-13, 0.999979, -0.00645136, 6.32299e-16, 0.00645136, 0.999979, -1.04726e-07, -1.53731, 0.0235185)
bind/3/name = &"mixamorig_HeadTop_End"
bind/3/bone = -1
bind/3/pose = Transform3D(1, -1.96018e-13, 6.32299e-16, 1.96018e-13, 0.999979, -0.00645136, 6.32299e-16, 0.00645136, 0.999979, -1.04726e-07, -1.7548, 0.0235185)
bind/4/name = &"LeftShoulder"
bind/4/bone = -1
bind/4/pose = Transform3D(0.143496, -0.00643527, 0.98963, 0.985637, -0.0890487, -0.143496, 0.0890487, 0.996006, -0.00643527, 0.0372684, 0.0638452, -1.45671)
bind/5/name = &"RightShoulder"
bind/5/bone = -1
bind/5/pose = Transform3D(0.14345, 0.00643118, -0.989637, -0.985646, -0.0890206, -0.14345, -0.0890206, 0.996009, -0.00643118, -0.0372712, 0.063845, -1.45671)

[sub_resource type="Skin" id="Skin_7cayd"]
resource_name = "Skin2"
bind_count = 6
bind/0/name = &"UpperChest"
bind/0/bone = -1
bind/0/pose = Transform3D(1, -0.00011027, 1.86701e-05, 0.00011027, 0.944265, -0.329187, 1.86701e-05, 0.329187, 0.944265, 0.000149291, -1.27915, -0.446821)
bind/1/name = &"Neck"
bind/1/bone = -1
bind/1/pose = Transform3D(1, -4.34504e-09, -4.58815e-10, 4.34504e-09, 0.977945, 0.208861, -4.58815e-10, -0.208861, 0.977945, -9.80627e-08, -1.45186, 0.353744)
bind/2/name = &"Head"
bind/2/bone = -1
bind/2/pose = Transform3D(1, -1.96018e-13, 6.32299e-16, 1.96018e-13, 0.999979, -0.00645136, 6.32299e-16, 0.00645136, 0.999979, -1.04726e-07, -1.53731, 0.0235185)
bind/3/name = &"mixamorig_HeadTop_End"
bind/3/bone = -1
bind/3/pose = Transform3D(1, -1.96018e-13, 6.32299e-16, 1.96018e-13, 0.999979, -0.00645136, 6.32299e-16, 0.00645136, 0.999979, -1.04726e-07, -1.7548, 0.0235185)
bind/4/name = &"LeftShoulder"
bind/4/bone = -1
bind/4/pose = Transform3D(0.143496, -0.00643527, 0.98963, 0.985637, -0.0890487, -0.143496, 0.0890487, 0.996006, -0.00643527, 0.0372684, 0.0638452, -1.45671)
bind/5/name = &"RightShoulder"
bind/5/bone = -1
bind/5/pose = Transform3D(0.14345, 0.00643118, -0.989637, -0.985646, -0.0890206, -0.14345, -0.0890206, 0.996009, -0.00643118, -0.0372712, 0.063845, -1.45671)

[sub_resource type="Skin" id="Skin_hnlvn"]
resource_name = "Skin2"
bind_count = 6
bind/0/name = &"UpperChest"
bind/0/bone = -1
bind/0/pose = Transform3D(1, -0.00011027, 1.86701e-05, 0.00011027, 0.944265, -0.329187, 1.86701e-05, 0.329187, 0.944265, 0.000149291, -1.27915, -0.446821)
bind/1/name = &"Neck"
bind/1/bone = -1
bind/1/pose = Transform3D(1, -4.34504e-09, -4.58815e-10, 4.34504e-09, 0.977945, 0.208861, -4.58815e-10, -0.208861, 0.977945, -9.80627e-08, -1.45186, 0.353744)
bind/2/name = &"Head"
bind/2/bone = -1
bind/2/pose = Transform3D(1, -1.96018e-13, 6.32299e-16, 1.96018e-13, 0.999979, -0.00645136, 6.32299e-16, 0.00645136, 0.999979, -1.04726e-07, -1.53731, 0.0235185)
bind/3/name = &"mixamorig_HeadTop_End"
bind/3/bone = -1
bind/3/pose = Transform3D(1, -1.96018e-13, 6.32299e-16, 1.96018e-13, 0.999979, -0.00645136, 6.32299e-16, 0.00645136, 0.999979, -1.04726e-07, -1.7548, 0.0235185)
bind/4/name = &"LeftShoulder"
bind/4/bone = -1
bind/4/pose = Transform3D(0.143496, -0.00643527, 0.98963, 0.985637, -0.0890487, -0.143496, 0.0890487, 0.996006, -0.00643527, 0.0372684, 0.0638452, -1.45671)
bind/5/name = &"RightShoulder"
bind/5/bone = -1
bind/5/pose = Transform3D(0.14345, 0.00643118, -0.989637, -0.985646, -0.0890206, -0.14345, -0.0890206, 0.996009, -0.00643118, -0.0372712, 0.063845, -1.45671)

[sub_resource type="Skin" id="Skin_n7ess"]
resource_name = "Skin2"
bind_count = 6
bind/0/name = &"UpperChest"
bind/0/bone = -1
bind/0/pose = Transform3D(1, -0.00011027, 1.86701e-05, 0.00011027, 0.944265, -0.329187, 1.86701e-05, 0.329187, 0.944265, 0.000149291, -1.27915, -0.446821)
bind/1/name = &"Neck"
bind/1/bone = -1
bind/1/pose = Transform3D(1, -4.34504e-09, -4.58815e-10, 4.34504e-09, 0.977945, 0.208861, -4.58815e-10, -0.208861, 0.977945, -9.80627e-08, -1.45186, 0.353744)
bind/2/name = &"Head"
bind/2/bone = -1
bind/2/pose = Transform3D(1, -1.96018e-13, 6.32299e-16, 1.96018e-13, 0.999979, -0.00645136, 6.32299e-16, 0.00645136, 0.999979, -1.04726e-07, -1.53731, 0.0235185)
bind/3/name = &"mixamorig_HeadTop_End"
bind/3/bone = -1
bind/3/pose = Transform3D(1, -1.96018e-13, 6.32299e-16, 1.96018e-13, 0.999979, -0.00645136, 6.32299e-16, 0.00645136, 0.999979, -1.04726e-07, -1.7548, 0.0235185)
bind/4/name = &"LeftShoulder"
bind/4/bone = -1
bind/4/pose = Transform3D(0.143496, -0.00643527, 0.98963, 0.985637, -0.0890487, -0.143496, 0.0890487, 0.996006, -0.00643527, 0.0372684, 0.0638452, -1.45671)
bind/5/name = &"RightShoulder"
bind/5/bone = -1
bind/5/pose = Transform3D(0.14345, 0.00643118, -0.989637, -0.985646, -0.0890206, -0.14345, -0.0890206, 0.996009, -0.00643118, -0.0372712, 0.063845, -1.45671)

[node name="marker_man" instance=ExtResource("1_mhbbu")]

[node name="GeneralSkeleton" parent="." index="0"]
bones/0/rest = Transform3D(1, 1.07186e-06, -2.92005e-07, -1.07186e-06, 0.86182, -0.507214, -2.92007e-07, 0.507214, 0.86182, 1.49008e-08, 0.963749, -0.000354736)
bones/0/position = Vector3(1.49008e-08, 0.963749, -0.000354736)
bones/0/rotation = Quaternion(0.26285, 6.62794e-13, -5.55462e-07, 0.964837)
bones/1/rest = Transform3D(-1, -0.000154641, -1.27573e-06, 0.000133634, -0.868251, 0.496126, -7.78289e-05, 0.496126, 0.868251, 0.096338, -0.02821, 0.0166027)
bones/1/position = Vector3(0.096338, -0.02821, 0.0166027)
bones/1/rotation = Quaternion(-2.04616e-05, 0.256661, 0.966502, 7.45666e-05)
bones/2/rest = Transform3D(-1, -0.000320897, 1.14167e-05, -0.000321098, 0.999229, -0.039256, 1.18927e-06, -0.039256, -0.999229, -7.27596e-12, 0.417658, 9.31323e-10)
bones/2/position = Vector3(-7.27596e-12, 0.417658, 9.31323e-10)
bones/2/rotation = Quaternion(-0.00016053, 0.999807, -0.0196318, 2.55734e-06)
bones/3/rest = Transform3D(-0.9999, -0.0125691, -0.00648891, -0.00609444, 0.796774, -0.604247, 0.012765, -0.604147, -0.796771, 7.27596e-12, 0.391992, 0)
bones/3/position = Vector3(7.27596e-12, 0.391992, 0)
bones/3/rotation = Quaternion(-0.00492276, 0.947819, -0.31873, -0.00507848)
bones/4/rest = Transform3D(-0.999901, -0.0124347, -0.00658534, -0.0124347, 0.561848, 0.827147, -0.00658536, 0.827147, -0.561947, -1.16415e-10, 0.147412, 7.45058e-09)
bones/4/position = Vector3(-1.16415e-10, 0.147412, 7.45058e-09)
bones/4/rotation = Quaternion(-0.00703559, 0.883699, 0.468002, 6.05987e-09)
bones/6/rest = Transform3D(-1, -0.000154641, -1.27699e-06, 0.000133634, -0.868256, 0.496116, -7.78286e-05, 0.496116, 0.868256, -0.096338, -0.02821, 0.0166026)
bones/6/position = Vector3(-0.096338, -0.02821, 0.0166026)
bones/6/rotation = Quaternion(-2.04618e-05, 0.256655, 0.966503, 7.45666e-05)
bones/7/rest = Transform3D(-1, -0.000320879, 1.14132e-05, -0.00032108, 0.99923, -0.039236, 1.18562e-06, -0.039236, -0.99923, 0, 0.417658, -4.65661e-10)
bones/7/position = Vector3(0, 0.417658, -4.65661e-10)
bones/7/rotation = Quaternion(-0.000160521, 0.999807, -0.0196218, 2.55739e-06)
bones/8/rest = Transform3D(-0.9999, -0.012569, -0.00648891, -0.00609448, 0.796779, -0.60424, 0.0127649, -0.60414, -0.796776, -1.45519e-11, 0.391992, -3.72529e-09)
bones/8/position = Vector3(-1.45519e-11, 0.391992, -3.72529e-09)
bones/8/rotation = Quaternion(-0.00492274, 0.94782, -0.318726, -0.00507845)
bones/9/rest = Transform3D(-0.999902, -0.0124347, -0.00658541, -0.0124347, 0.561847, 0.827148, -0.00658536, 0.827148, -0.561946, 0, 0.147412, 0)
bones/9/position = Vector3(0, 0.147412, 0)
bones/9/rotation = Quaternion(-0.00703561, 0.883699, 0.468003, -1.40958e-08)
bones/11/rest = Transform3D(1, -1.05211e-06, -3.02827e-07, 1.05749e-06, 0.856608, 0.515967, -2.83449e-07, -0.515967, 0.856608, -1.80165e-08, 0.0875134, -0.0332053)
bones/11/position = Vector3(-1.80165e-08, 0.0875134, -0.0332053)
bones/11/rotation = Quaternion(-0.267761, -5.02816e-09, 5.47388e-07, 0.963485)
bones/12/rest = Transform3D(1, -1.08041e-08, -1.21614e-09, 1.08681e-08, 0.996451, 0.0841765, 3.02372e-10, -0.0841765, 0.996451, -2.22045e-16, 0.162548, 2.32831e-10)
bones/12/position = Vector3(-2.22045e-16, 0.162548, 2.32831e-10)
bones/12/rotation = Quaternion(-0.0421257, -3.79964e-10, 5.42285e-09, 0.999112)
bones/13/rest = Transform3D(1, 0.000110265, 1.86685e-05, -0.000111534, 0.971105, 0.238653, 8.1859e-06, -0.238653, 0.971105, 5.55112e-17, 0.137007, 9.31323e-10)
bones/13/position = Vector3(5.55112e-17, 0.137007, 9.31323e-10)
bones/13/rotation = Quaternion(-0.120198, 2.63979e-06, -5.58546e-05, 0.99275)
bones/14/rest = Transform3D(0.143514, 0.985644, 0.0889389, -0.331833, -0.0367408, 0.942623, 0.932358, -0.164792, 0.321796, 0.0614301, 0.108686, -0.00228252)
bones/14/position = Vector3(0.0614301, 0.108686, -0.00228252)
bones/14/rotation = Quaternion(-0.463265, -0.352828, -0.55114, 0.597614)
bones/15/rest = Transform3D(-0.98963, 0.143496, 0.00643536, 0.143496, 0.985636, 0.089049, 0.00643524, 0.089049, -0.996007, -1.86265e-09, 0.124986, -9.31323e-10)
bones/15/position = Vector3(-1.86265e-09, 0.124986, -9.31323e-10)
bones/15/rotation = Quaternion(0.072007, 0.996403, 0.0446852, 3.15456e-08)
bones/16/rest = Transform3D(0, 0, -1, 0, 1, 0, 1, 0, 0, -8.9407e-08, 0.27687, 1.19209e-07)
bones/17/rest = Transform3D(-0.0011642, 0.0390065, 0.999238, -0.0596223, 0.997459, -0.0390065, -0.99822, -0.0596223, 0.00116438, 0, 0.278738, 8.9407e-08)
bones/17/position = Vector3(0, 0.278738, 8.9407e-08)
bones/17/rotation = Quaternion(-0.00729346, 0.706657, -0.0348927, 0.706657)
bones/18/rest = Transform3D(0.99822, -0.0596222, -0.0011643, 0.0596223, 0.997457, 0.0390065, -0.00116431, -0.0390065, 0.999237, -0.02888, 0.10362, -0.00176334)
bones/18/position = Vector3(-0.02888, 0.10362, -0.00176334)
bones/18/rotation = Quaternion(-0.0195157, 1.9512e-09, 0.0298301, 0.999364)
bones/18/scale = Vector3(1, 0.999999, 0.999999)
bones/22/rest = Transform3D(0.99822, -0.0596222, -0.0011643, 0.0596223, 0.997457, 0.0390065, -0.00116431, -0.0390065, 0.999237, -0.00625483, 0.104641, -0.00409208)
bones/22/position = Vector3(-0.00625483, 0.104641, -0.00409208)
bones/22/rotation = Quaternion(-0.0195157, 1.9512e-09, 0.0298301, 0.999364)
bones/22/scale = Vector3(1, 0.999999, 0.999999)
bones/26/rest = Transform3D(0.99822, -0.0596222, -0.0011643, 0.0596223, 0.997457, 0.0390065, -0.00116431, -0.0390065, 0.999237, 0.0382485, 0.100669, -0.00178585)
bones/26/position = Vector3(0.0382485, 0.100669, -0.00178585)
bones/26/rotation = Quaternion(-0.0195157, 1.9512e-09, 0.0298301, 0.999364)
bones/26/scale = Vector3(1, 0.999999, 0.999999)
bones/30/rest = Transform3D(0.99822, -0.0596222, -0.0011643, 0.0596223, 0.997457, 0.0390065, -0.00116431, -0.0390065, 0.999237, 0.016994, 0.103545, -0.00356134)
bones/30/position = Vector3(0.016994, 0.103545, -0.00356134)
bones/30/rotation = Quaternion(-0.0195157, 1.9512e-09, 0.0298301, 0.999364)
bones/30/scale = Vector3(1, 0.999999, 0.999999)
bones/34/rest = Transform3D(-0.262794, -0.493089, 0.828656, 0.325383, 0.763241, 0.557228, -0.908331, 0.416067, -0.0401324, -0.0201061, 0.0221391, 0.0112026)
bones/34/position = Vector3(-0.0201061, 0.0221391, 0.0112026)
bones/34/rotation = Quaternion(-0.0584333, 0.718793, 0.338723, 0.604308)
bones/34/scale = Vector3(1, 0.999392, 0.999392)
bones/35/rest = Transform3D(1, -3.26021e-06, 2.06468e-12, 3.26021e-06, 1, -6.33299e-07, 6.39679e-18, 6.33299e-07, 1, -1.86265e-09, 0.0495121, 9.31323e-10)
bones/35/position = Vector3(-1.86265e-09, 0.0495121, 9.31323e-10)
bones/35/rotation = Quaternion(3.1665e-07, 5.16169e-13, 1.6301e-06, 1)
bones/36/rest = Transform3D(1, -1.7049e-06, -1.11572e-06, 1.70489e-06, 1, -5.02914e-06, 1.11573e-06, 5.02914e-06, 1, -1.86265e-09, 0.0518122, 0)
bones/36/position = Vector3(-1.86265e-09, 0.0518122, 0)
bones/36/rotation = Quaternion(2.51457e-06, -5.57864e-07, 8.52449e-07, 1)
bones/37/rest = Transform3D(1, -1.31549e-08, -1.86265e-09, 1.31549e-08, 1, 2.45028e-17, 1.86265e-09, -4.90058e-17, 1, 9.31323e-10, 0.0270696, -2.32831e-10)
bones/37/position = Vector3(9.31323e-10, 0.0270696, -2.32831e-10)
bones/37/rotation = Quaternion(-1.83772e-17, -9.31325e-10, 6.57745e-09, 1)
bones/38/rest = Transform3D(1, -0.000103935, 4.12896e-05, 0.000110267, 0.854685, -0.519147, 1.8668e-05, 0.519147, 0.854685, -1.6115e-05, 0.145373, 0.00456735)
bones/38/position = Vector3(-1.6115e-05, 0.145373, 0.00456735)
bones/38/rotation = Quaternion(0.269551, 5.87276e-06, 5.56089e-05, 0.962986)
bones/39/rest = Transform3D(1, -4.34179e-09, -4.86835e-10, 4.34484e-09, 0.976577, 0.215166, -4.58773e-10, -0.215166, 0.976577, 2.77556e-17, 0.0443787, 0)
bones/39/position = Vector3(2.77556e-17, 0.0443787, 0)
bones/39/rotation = Quaternion(-0.108219, -7.05709e-12, 2.18449e-09, 0.994127)
bones/40/rest = Transform3D(1, -1.24491e-22, 0, 1.24491e-22, 1, 0, 0, 0, 1, 0, 0.217493, 0)
bones/40/position = Vector3(0, 0.217493, 0)
bones/40/rotation = Quaternion(0, 0, 6.22455e-23, 1)
bones/41/rest = Transform3D(0.14343, -0.985639, -0.0891306, 0.331863, -0.0369462, 0.942604, -0.93236, -0.164777, 0.321797, -0.0614139, 0.108672, -0.00228481)
bones/41/position = Vector3(-0.0614139, 0.108672, -0.00228481)
bones/41/rotation = Quaternion(-0.463298, 0.352784, 0.551206, 0.597554)
bones/42/rest = Transform3D(-0.989637, -0.14345, -0.00643108, -0.14345, 0.985646, 0.0890203, -0.00643119, 0.0890203, -0.996009, -1.86265e-09, 0.125026, 9.31323e-10)
bones/42/position = Vector3(-1.86265e-09, 0.125026, 9.31323e-10)
bones/42/rotation = Quaternion(-0.0719837, 0.996405, 0.0446707, 3.06109e-08)
bones/43/rest = Transform3D(0, 0, 1, 0, 1, 0, -1, 0, 0, 2.98023e-08, 0.27687, 1.19209e-07)
bones/44/rest = Transform3D(-0.000830889, -0.0345859, -0.999401, 0.0480186, 0.998247, -0.0345859, 0.998846, -0.0480186, 0.000831366, 0, 0.278738, 1.49012e-08)
bones/44/position = Vector3(0, 0.278738, 1.49012e-08)
bones/44/rotation = Quaternion(-0.00475125, -0.706797, 0.0292179, 0.706797)
bones/45/rest = Transform3D(0.998846, 0.0480186, 0.000831113, -0.0480186, 0.998248, 0.034586, 0.000831114, -0.034586, 0.999401, 0.0279276, 0.10455, -0.00188686)
bones/45/position = Vector3(0.0279276, 0.10455, -0.00188686)
bones/45/rotation = Quaternion(-0.0173006, -2.03816e-10, -0.0240198, 0.999562)
bones/49/rest = Transform3D(0.998846, 0.0480186, 0.000831113, -0.0480186, 0.998248, 0.034586, 0.000831114, -0.034586, 0.999401, 0.00517602, 0.107603, -0.00372811)
bones/49/position = Vector3(0.00517602, 0.107603, -0.00372811)
bones/49/rotation = Quaternion(-0.0173006, -2.03816e-10, -0.0240198, 0.999562)
bones/53/rest = Transform3D(0.998846, 0.0480186, 0.000831113, -0.0480186, 0.998248, 0.034586, 0.000831114, -0.034586, 0.999401, -0.0390296, 0.0999147, -0.00129419)
bones/53/position = Vector3(-0.0390296, 0.0999147, -0.00129419)
bones/53/rotation = Quaternion(-0.0173006, -2.03816e-10, -0.0240198, 0.999562)
bones/57/rest = Transform3D(0.998846, 0.0480186, 0.000831113, -0.0480186, 0.998248, 0.034586, 0.000831114, -0.034586, 0.999401, -0.0184826, 0.104829, -0.00466435)
bones/57/position = Vector3(-0.0184826, 0.104829, -0.00466435)
bones/57/rotation = Quaternion(-0.0173006, -2.03816e-10, -0.0240198, 0.999562)
bones/61/rest = Transform3D(-0.258886, 0.48423, -0.835084, -0.332439, 0.767071, 0.547727, 0.906897, 0.419413, -0.0376067, 0.0244071, 0.0249772, 0.0115735)
bones/61/position = Vector3(0.0244071, 0.0249772, 0.0115735)
bones/61/rotation = Quaternion(-0.0529297, -0.718341, -0.336793, 0.606429)
bones/61/scale = Vector3(1, 0.999392, 0.999392)
bones/62/rest = Transform3D(1, -2.6636e-06, 6.89185e-07, 2.6636e-06, 1, -2.45869e-06, -6.89178e-07, 2.45869e-06, 1, 0, 0.0454494, 4.65661e-10)
bones/62/position = Vector3(0, 0.0454494, 4.65661e-10)
bones/62/rotation = Quaternion(1.22934e-06, 3.44591e-07, 1.3318e-06, 1)
bones/63/rest = Transform3D(1, 1.01549e-06, -5.14088e-07, -1.01549e-06, 1, 1.98931e-06, 5.1409e-07, -1.98931e-06, 1, 0, 0.0509574, -9.31323e-10)
bones/63/position = Vector3(0, 0.0509574, -9.31323e-10)
bones/63/rotation = Quaternion(-9.94655e-07, -2.57044e-07, -5.07746e-07, 1)
bones/64/rest = Transform3D(1, 2.28174e-08, -3.72529e-09, -2.28174e-08, 1, 7.45058e-09, 3.72529e-09, -7.45058e-09, 1, -9.31323e-10, 0.0265474, 0)
bones/64/position = Vector3(-9.31323e-10, 0.0265474, 0)
bones/64/rotation = Quaternion(-3.72529e-09, -1.86264e-09, -1.14087e-08, 1)

[node name="MocapGuy_Body" parent="GeneralSkeleton" index="0"]
visible = false
skin = SubResource("Skin_ojc1x")

[node name="MocapGuy_BrowsLashes" parent="GeneralSkeleton" index="1"]
visible = false
skin = SubResource("Skin_bfarf")

[node name="MocapGuy_Caruncula" parent="GeneralSkeleton" index="2"]
visible = false
skin = SubResource("Skin_dl75x")

[node name="MocapGuy_Eyes" parent="GeneralSkeleton" index="3"]
visible = false
skin = SubResource("Skin_7cayd")

[node name="MocapGuy_Hat" parent="GeneralSkeleton" index="4"]
visible = false
skin = SubResource("Skin_hnlvn")

[node name="MocapGuy_Teeth" parent="GeneralSkeleton" index="5"]
visible = false
skin = SubResource("Skin_n7ess")

[node name="NBoneIK" type="NBoneIK" parent="." index="14"]
visible = false
skeleton_node_path = NodePath("../GeneralSkeleton")
root_bone = &"Hips"
pin_count = 5
pins/0/bone_name = ""
pins/0/target_node = NodePath("../Head")
pins/0/depth_falloff = 0.0
pins/0/weight = 1.0
pins/0/direction_priorities = Vector3(0.707107, 0, 0.707107)
pins/1/bone_name = ""
pins/1/target_node = NodePath("../LeftHand")
pins/1/depth_falloff = 1.0
pins/1/weight = 0.2
pins/1/direction_priorities = Vector3(0.707107, 0, 0.707107)
pins/2/bone_name = ""
pins/2/target_node = NodePath("../RightHand")
pins/2/depth_falloff = 1.0
pins/2/weight = 0.2
pins/2/direction_priorities = Vector3(0.707107, 0, 0.707107)
pins/3/bone_name = ""
pins/3/target_node = NodePath("../LeftFoot")
pins/3/depth_falloff = 1.0
pins/3/weight = 0.4
pins/3/direction_priorities = Vector3(0.707107, 0, 0.707107)
pins/4/bone_name = ""
pins/4/target_node = NodePath("../RightFoot")
pins/4/depth_falloff = 1.0
pins/4/weight = 0.4
pins/4/direction_priorities = Vector3(0.707107, 0, 0.707107)
constraint_count = 52
constraints/0/name = &"Hips"
constraints/0/kusudama_twist_from = -4.71239
constraints/0/kusudama_twist_to = 4.71239
constraints/0/kusudama_limit_cone_count = 1
constraints/0/kusudama_limit_cone/0/center = Vector3(0, 1, 0)
constraints/0/kusudama_limit_cone/0/radius = 0.0872665
constraints/1/name = &"Spine"
constraints/1/kusudama_twist_from = -4.71239
constraints/1/kusudama_twist_to = 4.71239
constraints/1/kusudama_limit_cone_count = 1
constraints/1/kusudama_limit_cone/0/center = Vector3(0, 1, 0)
constraints/1/kusudama_limit_cone/0/radius = 0.0872665
constraints/2/name = &"Chest"
constraints/2/kusudama_twist_from = -0.174533
constraints/2/kusudama_twist_to = 0.174533
constraints/2/kusudama_limit_cone_count = 1
constraints/2/kusudama_limit_cone/0/center = Vector3(0, 1, 0)
constraints/2/kusudama_limit_cone/0/radius = 0.174533
constraints/3/name = &"UpperChest"
constraints/3/kusudama_twist_from = -0.174533
constraints/3/kusudama_twist_to = 0.174533
constraints/3/kusudama_limit_cone_count = 1
constraints/3/kusudama_limit_cone/0/center = Vector3(0, 1, 0)
constraints/3/kusudama_limit_cone/0/radius = 0.523599
constraints/4/name = &"Neck"
constraints/4/kusudama_twist_from = 3.14159
constraints/4/kusudama_twist_to = -3.14159
constraints/4/kusudama_limit_cone_count = 1
constraints/4/kusudama_limit_cone/0/center = Vector3(0, 1, 0)
constraints/4/kusudama_limit_cone/0/radius = 0.0872665
constraints/5/name = &"Head"
constraints/5/kusudama_twist_from = 3.14159
constraints/5/kusudama_twist_to = -3.14159
constraints/5/kusudama_limit_cone_count = 1
constraints/5/kusudama_limit_cone/0/center = Vector3(0, 1, 0)
constraints/5/kusudama_limit_cone/0/radius = 0.610865
constraints/6/name = &"LeftShoulder"
constraints/6/kusudama_twist_from = 0.0872665
constraints/6/kusudama_twist_to = -0.0872665
constraints/6/kusudama_limit_cone_count = 1
constraints/6/kusudama_limit_cone/0/center = Vector3(0, 1, 0)
constraints/6/kusudama_limit_cone/0/radius = 0.872665
constraints/7/name = &"LeftUpperArm"
constraints/7/kusudama_twist_from = 1.5708
constraints/7/kusudama_twist_to = -1.5708
constraints/7/kusudama_limit_cone_count = 1
constraints/7/kusudama_limit_cone/0/center = Vector3(0, 1, 0)
constraints/7/kusudama_limit_cone/0/radius = 0.523599
constraints/8/name = &"LeftLowerArm"
constraints/8/kusudama_twist_from = 0.0
constraints/8/kusudama_twist_to = 0.174533
constraints/8/kusudama_limit_cone_count = 3
constraints/8/kusudama_limit_cone/0/center = Vector3(0, 1, 0)
constraints/8/kusudama_limit_cone/0/radius = 0.174533
constraints/8/kusudama_limit_cone/1/center = Vector3(-1, 0, 0)
constraints/8/kusudama_limit_cone/1/radius = 0.174533
constraints/8/kusudama_limit_cone/2/center = Vector3(0, -1, 0)
constraints/8/kusudama_limit_cone/2/radius = 0.174533
constraints/9/name = &"LeftHand"
constraints/9/kusudama_twist_from = -0.349066
constraints/9/kusudama_twist_to = 0.349066
constraints/9/kusudama_limit_cone_count = 1
constraints/9/kusudama_limit_cone/0/center = Vector3(0, 1, 0)
constraints/9/kusudama_limit_cone/0/radius = 1.5708
constraints/10/name = &"LeftThumbMetacarpal"
constraints/10/kusudama_twist_from = -4.71239
constraints/10/kusudama_twist_to = 4.71239
constraints/10/kusudama_limit_cone_count = 0
constraints/11/name = &"LeftThumbProximal"
constraints/11/kusudama_twist_from = -4.71239
constraints/11/kusudama_twist_to = 4.71239
constraints/11/kusudama_limit_cone_count = 0
constraints/12/name = &"LeftThumbDistal"
constraints/12/kusudama_twist_from = -4.71239
constraints/12/kusudama_twist_to = 4.71239
constraints/12/kusudama_limit_cone_count = 0
constraints/13/name = &"LeftIndexProximal"
constraints/13/kusudama_twist_from = -4.71239
constraints/13/kusudama_twist_to = 4.71239
constraints/13/kusudama_limit_cone_count = 0
constraints/14/name = &"LeftIndexIntermediate"
constraints/14/kusudama_twist_from = -4.71239
constraints/14/kusudama_twist_to = 4.71239
constraints/14/kusudama_limit_cone_count = 0
constraints/15/name = &"LeftIndexDistal"
constraints/15/kusudama_twist_from = -4.71239
constraints/15/kusudama_twist_to = 4.71239
constraints/15/kusudama_limit_cone_count = 0
constraints/16/name = &"LeftMiddleProximal"
constraints/16/kusudama_twist_from = -4.71239
constraints/16/kusudama_twist_to = 4.71239
constraints/16/kusudama_limit_cone_count = 0
constraints/17/name = &"LeftMiddleIntermediate"
constraints/17/kusudama_twist_from = -4.71239
constraints/17/kusudama_twist_to = 4.71239
constraints/17/kusudama_limit_cone_count = 0
constraints/18/name = &"LeftMiddleDistal"
constraints/18/kusudama_twist_from = -4.71239
constraints/18/kusudama_twist_to = 4.71239
constraints/18/kusudama_limit_cone_count = 0
constraints/19/name = &"LeftRingProximal"
constraints/19/kusudama_twist_from = -4.71239
constraints/19/kusudama_twist_to = 4.71239
constraints/19/kusudama_limit_cone_count = 0
constraints/20/name = &"LeftRingIntermediate"
constraints/20/kusudama_twist_from = -4.71239
constraints/20/kusudama_twist_to = 4.71239
constraints/20/kusudama_limit_cone_count = 0
constraints/21/name = &"LeftRingDistal"
constraints/21/kusudama_twist_from = -4.71239
constraints/21/kusudama_twist_to = 4.71239
constraints/21/kusudama_limit_cone_count = 0
constraints/22/name = &"LeftLittleProximal"
constraints/22/kusudama_twist_from = -4.71239
constraints/22/kusudama_twist_to = 4.71239
constraints/22/kusudama_limit_cone_count = 0
constraints/23/name = &"LeftLittleIntermediate"
constraints/23/kusudama_twist_from = -4.71239
constraints/23/kusudama_twist_to = 4.71239
constraints/23/kusudama_limit_cone_count = 0
constraints/24/name = &"LeftLittleDistal"
constraints/24/kusudama_twist_from = -4.71239
constraints/24/kusudama_twist_to = 4.71239
constraints/24/kusudama_limit_cone_count = 0
constraints/25/name = &"RightShoulder"
constraints/25/kusudama_twist_from = 0.0872665
constraints/25/kusudama_twist_to = -0.0872665
constraints/25/kusudama_limit_cone_count = 1
constraints/25/kusudama_limit_cone/0/center = Vector3(0, 1, 0)
constraints/25/kusudama_limit_cone/0/radius = 0.872665
constraints/26/name = &"RightUpperArm"
constraints/26/kusudama_twist_from = -1.5708
constraints/26/kusudama_twist_to = 1.5708
constraints/26/kusudama_limit_cone_count = 1
constraints/26/kusudama_limit_cone/0/center = Vector3(0, 1, 0)
constraints/26/kusudama_limit_cone/0/radius = 0.523599
constraints/27/name = &"RightLowerArm"
constraints/27/kusudama_twist_from = 0.0
constraints/27/kusudama_twist_to = -0.174533
constraints/27/kusudama_limit_cone_count = 3
constraints/27/kusudama_limit_cone/0/center = Vector3(0, 1, 0)
constraints/27/kusudama_limit_cone/0/radius = 0.174533
constraints/27/kusudama_limit_cone/1/center = Vector3(1, 0, 0)
constraints/27/kusudama_limit_cone/1/radius = 0.174533
constraints/27/kusudama_limit_cone/2/center = Vector3(0, -1, 0)
constraints/27/kusudama_limit_cone/2/radius = 0.174533
constraints/28/name = &"RightHand"
constraints/28/kusudama_twist_from = -0.349066
constraints/28/kusudama_twist_to = 0.349066
constraints/28/kusudama_limit_cone_count = 1
constraints/28/kusudama_limit_cone/0/center = Vector3(0, 1, 0)
constraints/28/kusudama_limit_cone/0/radius = 1.5708
constraints/29/name = &"RightThumbMetacarpal"
constraints/29/kusudama_twist_from = -4.71239
constraints/29/kusudama_twist_to = 4.71239
constraints/29/kusudama_limit_cone_count = 0
constraints/30/name = &"RightThumbProximal"
constraints/30/kusudama_twist_from = -4.71239
constraints/30/kusudama_twist_to = 4.71239
constraints/30/kusudama_limit_cone_count = 0
constraints/31/name = &"RightThumbDistal"
constraints/31/kusudama_twist_from = -4.71239
constraints/31/kusudama_twist_to = 4.71239
constraints/31/kusudama_limit_cone_count = 0
constraints/32/name = &"RightIndexProximal"
constraints/32/kusudama_twist_from = -4.71239
constraints/32/kusudama_twist_to = 4.71239
constraints/32/kusudama_limit_cone_count = 0
constraints/33/name = &"RightIndexIntermediate"
constraints/33/kusudama_twist_from = -4.71239
constraints/33/kusudama_twist_to = 4.71239
constraints/33/kusudama_limit_cone_count = 0
constraints/34/name = &"RightIndexDistal"
constraints/34/kusudama_twist_from = -4.71239
constraints/34/kusudama_twist_to = 4.71239
constraints/34/kusudama_limit_cone_count = 0
constraints/35/name = &"RightMiddleProximal"
constraints/35/kusudama_twist_from = -4.71239
constraints/35/kusudama_twist_to = 4.71239
constraints/35/kusudama_limit_cone_count = 0
constraints/36/name = &"RightMiddleIntermediate"
constraints/36/kusudama_twist_from = -4.71239
constraints/36/kusudama_twist_to = 4.71239
constraints/36/kusudama_limit_cone_count = 0
constraints/37/name = &"RightMiddleDistal"
constraints/37/kusudama_twist_from = -4.71239
constraints/37/kusudama_twist_to = 4.71239
constraints/37/kusudama_limit_cone_count = 0
constraints/38/name = &"RightRingProximal"
constraints/38/kusudama_twist_from = -4.71239
constraints/38/kusudama_twist_to = 4.71239
constraints/38/kusudama_limit_cone_count = 0
constraints/39/name = &"RightRingIntermediate"
constraints/39/kusudama_twist_from = -4.71239
constraints/39/kusudama_twist_to = 4.71239
constraints/39/kusudama_limit_cone_count = 0
constraints/40/name = &"RightRingDistal"
constraints/40/kusudama_twist_from = -4.71239
constraints/40/kusudama_twist_to = 4.71239
constraints/40/kusudama_limit_cone_count = 0
